0.85
1.0
0.75
0.8333333333333333
0.6
0.6333333333333332
0.3916666666666667
0.34500000000000003
0.95
1.0
0.75
0.9
0.6583333333333333
0.5916666666666666
0.4416666666666667
0.4083333333333333
0.9
1.0
0.8
0.8333333333333333
0.7083333333333333
0.425
0.425
0.4333333333333333
0.95
1.0
0.8
0.85
0.775
0.4083333333333334
0.325
0.4166666666666667
0.9
1.0
0.8
0.75
0.725
0.475
0.35833333333333334
0.4166666666666667
0.85
1.0
0.7333333333333334
0.65
0.65
0.4916666666666667
0.4083333333333334
0.45
0.9
1.0
0.8
0.7
0.7083333333333334
0.4666666666666667
0.3866666666666667
0.5166666666666666
0.95
1.0
0.75
0.85
0.7083333333333334
0.4166666666666667
0.3816666666666667
0.5166666666666666
0.9
1.0
0.85
0.7833333333333333
0.675
0.4666666666666667
0.4033333333333333
0.5666666666666667
0.95
1.0
0.85
0.8333333333333333
0.675
0.4666666666666667
0.47833333333333333
0.4833333333333334
0.95
1.0
0.95
0.6833333333333333
0.6583333333333333
0.4833333333333334
0.4533333333333334
0.45
0.95
1.0
0.95
0.75
0.6583333333333333
0.4833333333333334
0.5366666666666666
0.4666666666666666
0.95
0.95
0.85
0.6166666666666666
0.6416666666666666
0.5333333333333334
0.4083333333333334
0.5333333333333333
0.9
1.0
0.8
0.7833333333333334
0.6166666666666666
0.575
0.4333333333333334
0.5333333333333333
0.95
1.0
0.75
0.6166666666666666
0.7333333333333333
0.425
0.43666666666666665
0.5333333333333333
1.0
1.0
0.75
0.75
0.6166666666666666
0.5166666666666666
0.4166666666666667
0.4833333333333334
0.9
1.0
0.8
0.7833333333333334
0.6666666666666666
0.4916666666666666
0.425
0.4833333333333334
0.8833333333333334
1.0
0.8
0.7333333333333334
0.6166666666666666
0.45
0.4416666666666667
0.4833333333333334
0.95
1.0
0.9
0.7333333333333334
0.6083333333333333
0.4333333333333334
0.4
0.45
0.9
0.9
0.85
0.6833333333333333
0.6833333333333333
0.45833333333333337
0.4
0.325
0.9
0.9
0.9
0.6833333333333333
0.6583333333333333
0.4083333333333333
0.39166666666666666
0.3083333333333333
0.95
0.9
0.7833333333333334
0.5666666666666667
0.6416666666666666
0.4583333333333333
0.425
0.3416666666666667
1.0
1.0
0.8
0.7333333333333334
0.5666666666666667
0.4
0.525
0.29166666666666663
1.0
1.0
0.8
0.7166666666666666
0.4916666666666666
0.4083333333333333
0.45833333333333337
0.3416666666666667
0.95
1.0
0.85
0.7833333333333334
0.5833333333333334
0.525
0.5
0.4083333333333334
0.95
1.0
0.85
0.6833333333333333
0.6333333333333334
0.5249999999999999
0.5
0.38333333333333336
0.85
1.0
0.85
0.7333333333333334
0.6
0.5083333333333332
0.425
0.4
0.95
0.95
0.95
0.8333333333333334
0.55
0.6950000000000001
0.4416666666666667
0.4166666666666667
1.0
0.9
0.9
0.8833333333333332
0.6166666666666666
0.5916666666666666
0.35833333333333334
0.425
1.0
0.95
0.95
0.8666666666666668
0.6666666666666667
0.575
0.4833333333333334
0.3833333333333334
1.0
0.9
1.0
0.7833333333333333
0.6166666666666667
0.6416666666666666
0.5333333333333334
0.4
1.0
0.85
0.9
0.75
0.6166666666666667
0.575
0.4616666666666667
0.35833333333333334
1.0
0.95
0.9
0.75
0.5
0.4833333333333334
0.475
0.35
1.0
0.95
0.95
0.8
0.5666666666666667
0.5833333333333334
0.425
0.35833333333333334
0.95
0.85
0.95
0.7333333333333334
0.6333333333333334
0.5333333333333333
0.4416666666666667
0.36666666666666664
1.0
1.0
0.85
0.75
0.5333333333333334
0.5666666666666667
0.4416666666666667
0.36666666666666664
1.0
1.0
0.9
0.85
0.5666666666666667
0.5333333333333334
0.425
0.26166666666666666
1.0
0.9
0.9
0.8
0.5333333333333333
0.5416666666666666
0.45
0.32833333333333337
1.0
0.95
0.9
0.9
0.4666666666666666
0.5333333333333333
0.4166666666666667
0.43999999999999995
1.0
0.9
0.9
0.85
0.5666666666666667
0.5916666666666667
0.4499999999999999
0.3683333333333334
1.0
0.95
0.9
0.8
0.6499999999999999
0.5416666666666667
0.4333333333333333
0.265
1.0
0.9
1.0
0.8333333333333333
0.7
0.4833333333333334
0.4
0.24499999999999997
1.0
0.95
0.9
0.8833333333333332
0.525
0.475
0.36666666666666664
0.26166666666666666
1.0
1.0
1.0
0.8333333333333333
0.4666666666666667
0.575
0.4
0.24499999999999997
1.0
0.8
0.9
0.7833333333333333
0.5666666666666667
0.5583333333333333
0.4083333333333334
0.295
1.0
0.8
0.85
0.75
0.5166666666666666
0.45833333333333337
0.41666666666666663
0.26999999999999996
1.0
0.8
0.85
0.7333333333333333
0.5083333333333333
0.55
0.3866666666666667
0.2783333333333333
1.0
0.8
0.85
0.7
0.5416666666666666
0.5
0.4616666666666667
0.3616666666666667
1.0
0.85
0.85
0.75
0.4416666666666666
0.4666666666666666
0.4833333333333333
0.35833333333333334
1.0
0.85
0.95
0.8833333333333332
0.525
0.4333333333333333
0.425
0.3666666666666666
1.0
0.95
0.95
0.7333333333333334
0.6416666666666667
0.41666666666666663
0.4583333333333333
0.31166666666666665
1.0
0.9
0.9
0.8833333333333332
0.55
0.5416666666666666
0.4666666666666666
0.3916666666666667
1.0
0.85
0.95
0.7833333333333334
0.5
0.35833333333333334
0.5416666666666667
0.3916666666666667
1.0
0.95
1.0
0.7166666666666667
0.5999999999999999
0.35833333333333334
0.425
0.375
1.0
0.85
0.85
0.75
0.5916666666666666
0.5249999999999999
0.3950000000000001
0.33333333333333337
0.95
0.85
0.8333333333333333
0.7
0.5916666666666666
0.5166666666666666
0.4583333333333333
0.3416666666666667
1.0
0.85
0.8333333333333333
0.8
0.4999999999999999
0.4583333333333333
0.475
0.3916666666666667
1.0
0.85
0.85
0.8
0.5333333333333332
0.5666666666666667
0.475
0.3833333333333333
1.0
0.85
0.9
0.75
0.5333333333333333
0.4833333333333334
0.37500000000000006
0.4116666666666666
1.0
0.85
0.95
0.7
0.5333333333333332
0.525
0.3166666666666667
0.4166666666666667
1.0
0.8333333333333333
0.85
0.85
0.5999999999999999
0.575
0.4083333333333334
0.4866666666666667
1.0
0.85
0.85
0.8
0.55
0.5333333333333333
0.35000000000000003
0.4866666666666667
1.0
0.85
0.85
0.9
0.55
0.4333333333333334
0.45
0.495
1.0
0.8333333333333333
0.85
0.8
0.55
0.5333333333333334
0.35000000000000003
0.47333333333333344
1.0
0.8333333333333333
0.8
0.75
0.5833333333333333
0.5333333333333333
0.35000000000000003
0.49000000000000005
1.0
0.85
0.7
0.95
0.55
0.5083333333333334
0.35000000000000003
0.47000000000000003
1.0
0.9
0.8
1.0
0.5666666666666667
0.5166666666666666
0.3666666666666667
0.5583333333333333
1.0
0.9
0.9
0.9
0.6166666666666666
0.4916666666666666
0.4666666666666666
0.4916666666666666
1.0
0.95
0.8
0.85
0.5833333333333333
0.6666666666666666
0.4166666666666667
0.39166666666666666
1.0
0.9
0.85
0.9
0.7333333333333333
0.6333333333333334
0.3666666666666667
0.3592857142857143
1.0
0.95
1.0
0.8
0.7333333333333333
0.6833333333333333
0.4833333333333333
0.3559523809523809
1.0
0.95
0.9
0.85
0.7
0.5333333333333333
0.5333333333333334
0.36428571428571427
1.0
0.95
0.85
0.8
0.6499999999999999
0.47833333333333333
0.3666666666666667
0.375
1.0
0.95
0.8
0.7833333333333333
0.6666666666666667
0.5833333333333333
0.4833333333333334
0.4083333333333333
1.0
0.9
0.8
0.7333333333333333
0.5499999999999999
0.6533333333333333
0.4666666666666667
0.3950000000000001
1.0
0.9
0.75
0.8
0.7166666666666666
0.6083333333333333
0.425
0.4
1.0
0.85
0.8
0.8
0.6583333333333333
0.4833333333333334
0.45
0.4
1.0
0.9
0.75
0.65
0.5499999999999999
0.55
0.5
0.4
1.0
0.9
0.75
0.65
0.6
0.5583333333333333
0.4083333333333334
0.4
1.0
0.85
0.8
0.6
0.5999999999999999
0.525
0.5416666666666666
0.425
1.0
0.85
0.75
0.65
0.6083333333333334
0.5583333333333333
0.475
0.4166666666666667
1.0
0.85
0.8
0.7666666666666666
0.7333333333333333
0.495
0.45
0.5333333333333333
1.0
0.9
0.7
0.7333333333333334
0.7333333333333333
0.525
0.45
0.575
1.0
0.8
0.9
0.85
0.7833333333333333
0.5083333333333334
0.4666666666666666
0.625
1.0
1.0
0.7833333333333333
0.8
0.8
0.4916666666666666
0.425
0.575
1.0
0.9
0.6333333333333333
0.8333333333333334
0.8
0.5583333333333333
0.4083333333333333
0.6083333333333333
1.0
0.95
0.8
0.8
0.65
0.5333333333333333
0.45
0.6583333333333333
1.0
0.9
0.7166666666666666
0.75
0.6833333333333333
0.575
0.45
0.57
1.0
0.9
0.75
0.7833333333333334
0.6666666666666666
0.5416666666666666
0.4083333333333333
0.5616666666666668
1.0
0.85
0.725
0.7833333333333333
0.7333333333333333
0.55
0.4166666666666667
0.5116666666666666
1.0
0.9
0.7333333333333333
0.7333333333333333
0.6833333333333333
0.5416666666666666
0.4166666666666667
0.52
1.0
0.85
0.75
0.7833333333333333
0.8166666666666667
0.5283333333333333
0.3666666666666667
0.47000000000000003
1.0
0.8
0.8833333333333332
0.6833333333333333
0.7166666666666666
0.42000000000000004
0.4666666666666666
0.4250000000000001
1.0
0.95
0.85
0.7333333333333333
0.8333333333333333
0.5333333333333334
0.4333333333333333
0.5083333333333333
1.0
0.85
0.9
0.6833333333333333
0.725
0.5916666666666667
0.3533333333333334
0.575
1.0
0.9
0.9333333333333332
0.7333333333333334
0.7833333333333333
0.4833333333333334
0.37
0.645
1.0
0.95
0.9
0.7833333333333333
0.75
0.5916666666666667
0.375
0.645
1.0
0.9
0.9
0.7666666666666667
0.6833333333333333
0.5833333333333333
0.39166666666666666
0.595
1.0
0.9
0.75
0.7833333333333334
0.7333333333333334
0.5333333333333334
0.4416666666666666
0.6083333333333334
1.0
1.0
0.675
0.85
0.6499999999999999
0.5166666666666666
0.4416666666666666
0.47000000000000003
1.0
0.95
0.7833333333333333
0.8333333333333334
0.7
0.5416666666666666
0.4416666666666666
0.47833333333333333
1.0
0.85
0.85
0.85
0.7166666666666667
0.5083333333333333
0.425
0.445
1.0
0.95
0.8333333333333333
0.85
0.7333333333333334
0.475
0.31666666666666665
0.5916666666666666
1.0
0.95
0.85
0.7333333333333334
0.8
0.475
0.4
0.6083333333333333
1.0
1.0
0.8
0.8
0.7
0.4916666666666667
0.31666666666666665
0.5449999999999999
1.0
0.95
0.8
0.8333333333333334
0.7833333333333334
0.475
0.3583333333333333
0.6249999999999999
1.0
0.85
0.8
0.8166666666666668
0.6333333333333334
0.4916666666666666
0.3583333333333333
0.575
1.0
1.0
0.65
0.7833333333333334
0.7
0.4833333333333333
0.4833333333333333
0.5916666666666667
1.0
0.9
0.7
0.7833333333333334
0.7666666666666666
0.6
0.5583333333333333
0.4666666666666667
1.0
0.8
0.75
0.6833333333333333
0.7666666666666666
0.6
0.625
0.4666666666666667
1.0
0.8
0.7333333333333333
0.5166666666666667
0.8166666666666667
0.6166666666666667
0.5583333333333333
0.4666666666666667
1.0
0.85
0.85
0.5166666666666667
0.9333333333333332
0.55
0.5083333333333333
0.4666666666666666
1.0
0.85
0.9
0.5166666666666667
0.8166666666666667
0.65
0.6333333333333333
0.4666666666666666
1.0
1.0
0.85
0.5833333333333333
0.825
0.5333333333333334
0.6333333333333333
0.4333333333333333
1.0
0.95
0.75
0.5666666666666667
0.8333333333333333
0.5833333333333334
0.7333333333333333
0.475
1.0
0.85
0.75
0.5833333333333333
0.7833333333333333
0.7
0.7833333333333333
0.5333333333333334
1.0
0.85
0.9
0.65
0.8333333333333333
0.6666666666666667
0.7833333333333333
0.525
1.0
0.95
0.8
0.5833333333333333
0.85
0.6583333333333334
0.7499999999999999
0.5666666666666667
1.0
1.0
0.85
0.4833333333333333
0.9
0.6666666666666667
0.7166666666666666
0.5666666666666667
1.0
0.9
0.7333333333333333
0.4833333333333333
0.85
0.6166666666666666
0.6666666666666666
0.6166666666666666
1.0
0.95
0.65
0.6833333333333333
0.8
0.65
0.6166666666666666
0.6
1.0
1.0
0.7833333333333334
0.6833333333333333
0.8
0.6
0.7166666666666666
0.5666666666666667
1.0
0.95
0.85
0.7333333333333333
0.7666666666666666
0.55
0.6499999999999999
0.5666666666666667
1.0
0.95
0.8333333333333334
0.65
0.8166666666666667
0.6
0.6499999999999999
0.4333333333333334
1.0
0.95
0.85
0.6333333333333333
0.7
0.475
0.6499999999999999
0.4833333333333334
1.0
0.95
0.8
0.55
0.75
0.6
0.6166666666666665
0.4833333333333334
1.0
0.95
0.95
0.6
0.7
0.525
0.6333333333333333
0.4833333333333334
1.0
0.95
0.7833333333333333
0.4666666666666666
0.6833333333333333
0.6
0.5999999999999999
0.5333333333333334
1.0
1.0
0.75
0.5833333333333334
0.6
0.55
0.5866666666666667
0.4833333333333334
1.0
1.0
0.8
0.4333333333333333
0.6666666666666666
0.6166666666666666
0.5916666666666666
0.5833333333333333
1.0
1.0
0.85
0.5166666666666667
0.6666666666666666
0.5
0.5916666666666666
0.5
1.0
0.95
0.75
0.5333333333333334
0.5833333333333334
0.5833333333333334
0.6083333333333333
0.5
1.0
0.95
0.6833333333333333
0.6333333333333334
0.65
0.5
0.725
0.4533333333333333
1.0
0.95
0.8
0.5166666666666666
0.6333333333333334
0.4833333333333333
0.675
0.4533333333333333
1.0
1.0
0.85
0.4833333333333334
0.6
0.5166666666666666
0.625
0.45833333333333337
1.0
0.8
1.0
0.8833333333333334
0.6166666666666666
0.5666666666666667
0.4666666666666667
0.37333333333333335
1.0
0.9
0.95
0.9
0.7333333333333333
0.425
0.4833333333333333
0.3783333333333333
1.0
0.9
0.9
0.75
0.7166666666666666
0.4
0.5333333333333333
0.3283333333333333
1.0
0.85
0.95
0.9
0.7333333333333333
0.5
0.5166666666666667
0.3283333333333333
1.0
0.9
0.95
0.9
0.65
0.5166666666666666
0.5166666666666667
0.3283333333333333
1.0
0.85
0.9
0.8333333333333333
0.6833333333333333
0.5833333333333333
0.4833333333333334
0.30333333333333334
1.0
0.95
0.9
0.8
0.7833333333333333
0.6166666666666666
0.4333333333333334
0.4916666666666667
1.0
0.9
0.9
0.8333333333333334
0.75
0.5833333333333333
0.6833333333333333
0.4916666666666667
1.0
1.0
0.95
0.8
0.65
0.6
0.4666666666666666
0.5533333333333333
1.0
1.0
0.95
0.7
0.6333333333333334
0.6666666666666666
0.5666666666666667
0.52
1.0
0.9
0.8833333333333332
0.8
0.6666666666666667
0.6333333333333333
0.36666666666666664
0.525
1.0
0.9
0.95
0.6833333333333333
0.5666666666666667
0.5666666666666667
0.41666666666666663
0.5333333333333333
1.0
0.95
0.9
0.6
0.5999999999999999
0.6666666666666666
0.5
0.5333333333333333
1.0
1.0
0.95
0.8
0.5666666666666667
0.6666666666666666
0.4833333333333333
0.5666666666666667
1.0
1.0
0.9
0.6833333333333333
0.7166666666666666
0.5416666666666666
0.55
0.5
1.0
1.0
0.9
0.7833333333333334
0.6333333333333334
0.3666666666666667
0.38333333333333336
0.5333333333333334
0.95
0.9
0.9
0.7666666666666666
0.6
0.35833333333333334
0.4
0.525
1.0
1.0
0.9
0.7166666666666666
0.5833333333333333
0.4833333333333333
0.4666666666666666
0.5499999999999999
1.0
0.9
0.95
0.6666666666666666
0.6333333333333333
0.3666666666666667
0.4666666666666666
0.5249999999999999
1.0
0.9
0.95
0.5666666666666667
0.6
0.4833333333333333
0.5166666666666666
0.5333333333333332
1.0
0.95
1.0
0.6166666666666666
0.6166666666666666
0.4333333333333333
0.5166666666666666
0.45
1.0
0.85
1.0
0.5833333333333333
0.65
0.33333333333333337
0.5166666666666666
0.4833333333333333
1.0
0.9
0.9
0.5833333333333333
0.75
0.3833333333333333
0.5166666666666666
0.4833333333333333
1.0
0.9
1.0
0.5833333333333333
0.75
0.3833333333333333
0.5833333333333333
0.5
1.0
0.95
0.85
0.5833333333333333
0.85
0.36666666666666664
0.6833333333333333
0.5333333333333333
1.0
1.0
0.9
0.6166666666666666
0.6333333333333333
0.3583333333333333
0.4833333333333333
0.5166666666666666
1.0
1.0
1.0
0.6333333333333333
0.5666666666666667
0.41666666666666663
0.5333333333333333
0.5166666666666666
1.0
1.0
0.95
0.6666666666666666
0.85
0.7
0.425
0.425
1.0
1.0
0.9
0.7333333333333334
0.8333333333333334
0.65
0.4749999999999999
0.475
1.0
1.0
1.0
0.7333333333333333
0.775
0.5333333333333333
0.375
0.475
1.0
1.0
0.95
0.85
0.8333333333333334
0.6
0.375
0.4416666666666666
1.0
0.95
0.9
0.75
0.8166666666666668
0.7
0.4916666666666666
0.4416666666666666
1.0
1.0
0.95
0.8
0.7833333333333333
0.7
0.5
0.4416666666666666
1.0
0.9
1.0
0.8333333333333333
0.8
0.5833333333333333
0.45
0.3833333333333333
1.0
0.85
0.9
0.8
0.75
0.65
0.4666666666666667
0.4916666666666666
1.0
1.0
0.95
0.7166666666666667
0.8
0.5833333333333333
0.4416666666666666
0.5083333333333333
1.0
0.9
0.95
0.5833333333333333
0.8333333333333334
0.6
0.475
0.45833333333333337
1.0
0.9
0.9
0.6166666666666666
0.8
0.5666666666666667
0.45
0.45833333333333337
1.0
0.85
0.85
0.6583333333333334
0.85
0.5333333333333333
0.5166666666666666
0.4666666666666666
0.95
1.0
0.95
0.7166666666666666
0.7833333333333333
0.5333333333333333
0.37
0.4666666666666666
0.95
0.9
0.85
0.7666666666666666
0.7833333333333333
0.5333333333333333
0.5416666666666666
0.425
0.95
0.9
1.0
0.7083333333333334
0.7833333333333333
0.6833333333333333
0.5416666666666666
0.4666666666666666
0.95
0.9
0.9
0.6916666666666667
0.7166666666666666
0.55
0.5366666666666667
0.5666666666666667
1.0
1.0
1.0
0.5
0.7833333333333333
0.6333333333333333
0.4
0.55
1.0
1.0
0.9
0.7
0.7833333333333333
0.65
0.5
0.4749999999999999
1.0
0.85
0.85
0.6166666666666666
0.75
0.5166666666666666
0.5
0.5333333333333333
1.0
0.85
0.95
0.5666666666666667
0.8
0.5166666666666666
0.5833333333333333
0.4
1.0
0.85
0.95
0.55
0.8833333333333334
0.36666666666666664
0.7
0.475
1.0
0.9
0.9
0.65
0.9
0.4083333333333333
0.5166666666666666
0.55
1.0
1.0
0.9
0.6666666666666666
0.8833333333333334
0.41666666666666663
0.4833333333333334
0.5333333333333333
1.0
0.9
0.85
0.6499999999999999
0.8833333333333334
0.41666666666666663
0.45
0.4833333333333333
1.0
1.0
0.9
0.5666666666666667
0.8833333333333332
0.41666666666666663
0.5916666666666666
0.4833333333333333
1.0
1.0
0.95
0.5666666666666667
0.7833333333333333
0.41666666666666663
0.55
0.5333333333333333
1.0
0.9
0.95
0.7333333333333334
0.8
0.4833333333333333
0.5866666666666667
0.5333333333333333
1.0
0.8
0.85
0.6666666666666666
0.8
0.7583333333333333
0.5583333333333333
0.5583333333333333
1.0
0.9
0.9
0.7833333333333333
0.8
0.7583333333333333
0.5166666666666667
0.55
1.0
0.8333333333333334
0.9
0.7333333333333333
0.7
0.8
0.5833333333333333
0.5833333333333334
1.0
0.8
0.85
0.8333333333333333
0.85
0.7833333333333333
0.5333333333333333
0.6
1.0
0.8
0.95
0.8333333333333333
0.85
0.6666666666666666
0.5
0.7
1.0
0.8
0.95
0.7833333333333333
0.85
0.7333333333333333
0.5583333333333333
0.62
0.95
0.7333333333333333
0.95
0.8333333333333333
0.85
0.7333333333333333
0.45833333333333337
0.62
1.0
0.8
0.9
0.8166666666666667
0.9
0.6833333333333333
0.4416666666666666
0.6
1.0
0.9
0.9
0.8833333333333332
0.85
0.6833333333333333
0.5083333333333334
0.52
1.0
0.7
0.95
0.8333333333333333
0.7833333333333334
0.6833333333333333
0.5833333333333333
0.5666666666666667
1.0
0.9
0.95
0.7833333333333333
0.775
0.7333333333333333
0.5416666666666667
0.5416666666666667
1.0
0.75
0.95
0.8
0.8
0.6833333333333333
0.5833333333333333
0.6166666666666667
1.0
0.9
0.95
0.7333333333333333
0.7833333333333334
0.7333333333333333
0.6333333333333333
0.5
1.0
0.9
0.95
1.0
0.75
0.7333333333333333
0.6833333333333333
0.5
1.0
0.95
0.95
0.7
0.7
0.7333333333333333
0.5916666666666667
0.5166666666666667
1.0
0.9
0.95
0.7
0.75
0.6666666666666666
0.5916666666666667
0.6
1.0
0.9
0.95
0.7333333333333333
0.75
0.6833333333333333
0.5916666666666667
0.6
1.0
0.9
0.95
0.75
0.75
0.6833333333333333
0.6416666666666667
0.6333333333333334
1.0
0.9
1.0
0.7333333333333333
0.75
0.6166666666666666
0.5666666666666667
0.6333333333333334
1.0
1.0
0.95
0.725
0.6666666666666667
0.6333333333333333
0.5833333333333334
0.5666666666666667
1.0
0.95
0.95
0.7333333333333333
0.65
0.6666666666666666
0.5916666666666666
0.6166666666666667
1.0
0.95
1.0
0.825
0.6333333333333333
0.6166666666666666
0.5416666666666667
0.5583333333333333
1.0
0.95
0.85
0.8666666666666666
0.775
0.6416666666666666
0.5083333333333333
0.4666666666666667
1.0
0.8
0.95
0.7333333333333333
0.7333333333333333
0.6166666666666666
0.6
0.4916666666666667
1.0
0.85
0.95
0.6583333333333333
0.7833333333333333
0.7083333333333333
0.5083333333333333
0.4
1.0
0.9
1.0
0.75
0.8333333333333334
0.6416666666666666
0.5083333333333333
0.4333333333333333
1.0
0.85
1.0
0.825
0.8
0.6833333333333333
0.5083333333333333
0.4866666666666667
0.9
0.95
0.95
0.9
0.7
0.75
0.5666666666666667
0.4499999999999999
0.9
1.0
0.95
0.8
0.6333333333333333
0.6333333333333333
0.6
0.4666666666666666
1.0
0.95
1.0
0.85
0.6833333333333333
0.5166666666666666
0.5833333333333334
0.4666666666666666
1.0
1.0
0.9
0.8
0.65
0.6
0.5666666666666667
0.4916666666666666
1.0
0.95
1.0
0.85
0.675
0.6833333333333333
0.6333333333333333
0.5416666666666666
1.0
0.8833333333333332
0.95
0.8
0.75
0.5833333333333334
0.6166666666666666
0.5249999999999999
1.0
1.0
0.9
0.85
0.7333333333333333
0.7333333333333334
0.6916666666666667
0.4749999999999999
1.0
1.0
0.9
0.85
0.8333333333333334
0.72
0.6916666666666667
0.36666666666666664
1.0
0.95
0.9
0.8
0.8333333333333334
0.775
0.675
0.2783333333333333
1.0
0.95
0.95
0.85
0.8333333333333334
0.725
0.7083333333333333
0.29166666666666663
1.0
0.95
0.95
0.85
0.85
0.6833333333333333
0.6416666666666667
0.39166666666666666
1.0
1.0
0.9
0.85
0.8
0.7166666666666667
0.7
0.425
0.9
1.0
1.0
0.8
0.8333333333333334
0.6666666666666667
0.65
0.4666666666666666
1.0
1.0
0.95
0.7
0.7166666666666666
0.7083333333333333
0.6333333333333333
0.4416666666666667
1.0
0.95
0.95
0.8
0.6833333333333333
0.725
0.6083333333333334
0.4166666666666667
1.0
0.95
0.9
0.9
0.6833333333333333
0.6916666666666667
0.6583333333333334
0.475
1.0
1.0
1.0
0.85
0.6166666666666666
0.7416666666666666
0.6166666666666667
0.4416666666666667
1.0
1.0
1.0
0.9
0.65
0.7583333333333333
0.6833333333333333
0.5083333333333334
1.0
1.0
0.95
0.85
0.6166666666666666
0.85
0.6833333333333333
0.5166666666666666
1.0
1.0
0.95
0.8
0.7333333333333333
0.7833333333333333
0.6833333333333333
0.5166666666666666
1.0
1.0
0.85
0.85
0.6166666666666666
0.7416666666666666
0.6833333333333333
0.5166666666666666
1.0
1.0
0.95
0.95
0.6166666666666666
0.8
0.5583333333333333
0.45833333333333337
1.0
1.0
0.95
0.8833333333333332
0.7666666666666666
0.7249999999999999
0.5583333333333333
0.4333333333333334
1.0
1.0
1.0
0.8833333333333332
0.6666666666666666
0.7583333333333333
0.6083333333333333
0.375
1.0
1.0
1.0
0.9
0.7833333333333333
0.7166666666666666
0.6083333333333333
0.4
1.0
0.95
1.0
0.9
0.8333333333333333
0.6833333333333333
0.6083333333333333
0.3916666666666667
1.0
1.0
1.0
0.9
0.8833333333333332
0.6833333333333333
0.6416666666666667
0.4416666666666667
1.0
0.9
0.8
1.0
0.7
0.7
0.5083333333333333
0.35
1.0
0.9
0.95
1.0
0.7333333333333333
0.5916666666666666
0.5166666666666666
0.38666666666666666
1.0
0.9
0.95
0.95
0.75
0.6166666666666666
0.5999999999999999
0.39166666666666666
1.0
0.9
0.9
1.0
0.8
0.6666666666666666
0.5999999999999999
0.39166666666666666
1.0
0.9
0.95
0.95
0.6666666666666666
0.7666666666666666
0.5833333333333333
0.4416666666666666
1.0
0.85
0.9
0.9
0.7333333333333333
0.6833333333333333
0.5833333333333333
0.4416666666666666
1.0
0.95
0.95
0.95
0.7166666666666666
0.6833333333333333
0.575
0.4416666666666666
1.0
0.9
0.9
0.95
0.6333333333333333
0.6333333333333334
0.6416666666666666
0.41666666666666663
1.0
0.9
0.95
0.9
0.6833333333333333
0.7333333333333334
0.6249999999999999
0.31666666666666665
1.0
0.9
1.0
0.9
0.65
0.7333333333333334
0.6249999999999999
0.36666666666666664
1.0
1.0
1.0
0.95
0.85
0.6833333333333333
0.6833333333333333
0.38333333333333336
1.0
0.9
0.9
1.0
0.6833333333333333
0.6833333333333333
0.6833333333333333
0.38333333333333336
1.0
0.85
0.95
0.95
0.8833333333333334
0.7333333333333334
0.6333333333333333
0.4083333333333333
1.0
0.85
0.9
1.0
0.8833333333333334
0.6333333333333334
0.6333333333333333
0.4833333333333333
1.0
0.9
1.0
0.95
0.7333333333333333
0.65
0.6333333333333333
0.4833333333333333
1.0
0.85
0.9
0.95
0.7333333333333333
0.7333333333333333
0.6333333333333333
0.4916666666666666
0.95
0.8
0.95
0.95
0.7333333333333333
0.5666666666666667
0.6416666666666666
0.4916666666666667
1.0
0.85
1.0
0.9
0.7833333333333333
0.6166666666666666
0.6583333333333333
0.4416666666666666
1.0
0.85
0.9
0.95
0.75
0.5333333333333334
0.675
0.39166666666666666
1.0
0.85
1.0
0.95
0.7833333333333333
0.65
0.6666666666666666
0.39166666666666666
1.0
0.85
1.0
0.9
0.8
0.5916666666666666
0.625
0.4
1.0
0.8
0.95
0.9
0.9
0.6666666666666666
0.65
0.41666666666666663
1.0
0.85
0.95
0.85
0.9
0.5666666666666667
0.5
0.36666666666666664
1.0
0.9
0.95
0.85
0.7
0.5866666666666667
0.5
0.36666666666666664
1.0
0.85
0.9
0.85
0.8333333333333334
0.65
0.55
0.3833333333333333
1.0
0.9
0.9
0.9
0.75
0.7166666666666666
0.5333333333333333
0.3833333333333333
1.0
0.8
0.9
0.9
0.6166666666666666
0.7833333333333333
0.5916666666666666
0.4333333333333334
1.0
1.0
0.9
0.9
0.8
0.7
0.6
0.5333333333333332
1.0
1.0
0.9
0.95
0.8833333333333332
0.7166666666666666
0.5583333333333333
0.5666666666666667
1.0
1.0
1.0
0.9
0.8
0.6083333333333333
0.55
0.5333333333333333
1.0
1.0
0.9
0.85
0.8
0.5666666666666667
0.5700000000000001
0.5666666666666667
1.0
1.0
0.9
0.9
0.7333333333333333
0.6583333333333333
0.525
0.55
1.0
1.0
0.9
0.85
0.8
0.7166666666666666
0.5583333333333333
0.55
1.0
1.0
1.0
0.9
0.7833333333333333
0.6666666666666666
0.525
0.4833333333333334
1.0
1.0
0.95
0.95
0.85
0.7833333333333333
0.6416666666666666
0.5916666666666666
1.0
0.95
0.95
0.9
0.7833333333333333
0.8333333333333333
0.6333333333333334
0.6166666666666666
1.0
1.0
1.0
0.95
0.8
0.8333333333333333
0.6416666666666667
0.5333333333333332
1.0
1.0
1.0
0.8333333333333333
0.85
0.85
0.7416666666666667
0.5499999999999999
1.0
1.0
0.95
0.8
0.95
0.85
0.5916666666666667
0.5333333333333333
1.0
1.0
1.0
0.8
0.8833333333333332
0.7166666666666666
0.5916666666666666
0.5166666666666666
1.0
1.0
1.0
0.8333333333333333
0.825
0.8
0.55
0.4916666666666666
1.0
1.0
1.0
0.85
0.8333333333333333
0.75
0.4916666666666667
0.5333333333333333
1.0
0.95
1.0
0.75
0.825
0.7333333333333333
0.5583333333333333
0.5666666666666667
1.0
1.0
1.0
0.8
0.75
0.75
0.575
0.5166666666666666
1.0
1.0
1.0
0.7833333333333333
0.8
0.6166666666666666
0.5833333333333333
0.5416666666666667
1.0
1.0
0.9
0.7333333333333333
0.7833333333333333
0.65
0.6166666666666667
0.5416666666666667
1.0
1.0
0.9
0.85
0.7833333333333333
0.6333333333333333
0.5833333333333333
0.5999999999999999
1.0
1.0
0.9
0.85
0.8333333333333333
0.6333333333333333
0.5666666666666667
0.5999999999999999
1.0
1.0
0.85
0.8
0.85
0.65
0.5666666666666667
0.4833333333333333
1.0
0.95
0.85
0.85
0.8333333333333333
0.7
0.6166666666666666
0.4833333333333333
1.0
0.9
0.9
0.8333333333333334
0.85
0.7
0.5083333333333333
0.5666666666666667
1.0
0.95
0.85
0.8333333333333333
0.9
0.7
0.5249999999999999
0.6166666666666666
1.0
1.0
1.0
0.85
0.9
0.7333333333333334
0.5249999999999999
0.6166666666666666
1.0
1.0
1.0
0.8
0.95
0.65
0.5583333333333332
0.6333333333333333
0.85
0.95
0.8333333333333333
0.95
0.7
0.6333333333333333
0.7166666666666667
0.5833333333333334
1.0
1.0
0.8833333333333332
0.95
0.75
0.6833333333333333
0.5666666666666667
0.5083333333333334
1.0
1.0
0.8833333333333332
0.85
0.65
0.6666666666666666
0.6166666666666667
0.4666666666666666
1.0
1.0
0.9
0.85
0.75
0.7333333333333333
0.6833333333333333
0.6
1.0
1.0
1.0
0.8
0.7
0.7333333333333333
0.7166666666666667
0.6
1.0
1.0
1.0
0.9
0.65
0.75
0.6166666666666667
0.6
1.0
1.0
0.95
0.85
0.7
0.6833333333333333
0.6666666666666667
0.55
1.0
1.0
0.9
0.9
0.65
0.75
0.6333333333333334
0.5833333333333333
1.0
1.0
0.9333333333333332
0.9
0.75
0.8
0.6666666666666667
0.5833333333333333
0.9
1.0
0.8333333333333333
0.95
0.85
0.8333333333333333
0.6166666666666667
0.65
0.9
1.0
0.7833333333333333
0.8
0.85
0.7833333333333333
0.6166666666666667
0.65
0.9
1.0
0.9
0.95
0.75
0.7666666666666666
0.6833333333333333
0.5166666666666667
1.0
1.0
0.95
0.95
0.75
0.8333333333333333
0.6833333333333333
0.55
1.0
1.0
0.9
1.0
0.85
0.6833333333333333
0.7333333333333334
0.4833333333333334
1.0
1.0
0.9
0.9
0.7
0.7833333333333333
0.6833333333333333
0.5333333333333333
1.0
0.95
0.7833333333333333
0.9
0.85
0.8
0.7166666666666666
0.4749999999999999
1.0
1.0
0.8833333333333332
0.85
0.85
0.8
0.6666666666666666
0.5083333333333333
1.0
1.0
0.9
0.75
0.9
0.7833333333333333
0.7
0.5583333333333333
0.9
1.0
0.9
0.9
0.7833333333333333
0.7333333333333333
0.7166666666666666
0.5416666666666666
0.9
1.0
0.9
0.9
0.8333333333333333
0.8
0.65
0.6166666666666666
0.9
1.0
1.0
1.0
0.8666666666666666
0.8333333333333333
0.6
0.5666666666666667
0.9
1.0
1.0
0.9
0.8833333333333334
0.8
0.6
0.5166666666666666
0.9
1.0
0.95
0.9
0.85
0.7833333333333333
0.6
0.5166666666666666
1.0
1.0
0.9
0.85
0.9
0.65
0.6
0.5083333333333333
1.0
1.0
0.95
0.9
0.8
0.6166666666666667
0.6166666666666666
0.5583333333333333
1.0
0.95
0.95
0.85
0.9
0.85
0.5333333333333334
0.5666666666666667
1.0
1.0
0.9
0.7333333333333334
0.95
0.85
0.6166666666666667
0.5666666666666667
1.0
0.95
1.0
1.0
0.8
0.7
0.375
0.425
1.0
0.95
0.95
0.85
0.85
0.75
0.525
0.5583333333333333
0.9
0.95
1.0
0.95
0.8333333333333333
0.7
0.5499999999999999
0.55
1.0
0.9
1.0
0.9
0.85
0.6666666666666666
0.5833333333333333
0.4416666666666667
1.0
0.9
0.95
0.95
0.8833333333333332
0.7499999999999999
0.5499999999999999
0.4416666666666667
1.0
0.9
0.95
0.95
0.95
0.7166666666666666
0.4833333333333334
0.4916666666666666
1.0
0.9
0.95
0.9
0.9333333333333332
0.7666666666666666
0.45
0.4916666666666666
0.9
0.9
0.95
0.9
1.0
0.875
0.5333333333333333
0.6166666666666666
1.0
0.95
0.95
0.85
0.75
0.9
0.5666666666666667
0.5999999999999999
1.0
0.95
1.0
0.95
0.725
0.8666666666666666
0.6333333333333333
0.5999999999999999
1.0
1.0
0.95
0.9
0.6833333333333333
0.8666666666666666
0.6833333333333333
0.6166666666666666
1.0
0.9
0.9
0.8833333333333334
0.7833333333333333
0.8333333333333333
0.6833333333333333
0.6166666666666666
1.0
0.95
1.0
0.95
0.75
0.9
0.5833333333333333
0.5999999999999999
1.0
0.95
1.0
0.95
0.75
0.85
0.7166666666666666
0.6666666666666666
1.0
1.0
1.0
0.95
0.8
0.95
0.7
0.6166666666666666
1.0
0.95
0.95
0.95
0.8
0.8333333333333334
0.75
0.6166666666666666
1.0
0.95
0.9
0.95
0.9
0.8833333333333332
0.7
0.5166666666666667
1.0
0.95
0.95
0.85
0.7833333333333334
0.9
0.6833333333333333
0.6
0.9
0.9
0.95
0.85
0.75
0.825
0.5666666666666667
0.6
1.0
0.95
1.0
0.8833333333333332
0.8
0.9
0.5666666666666667
0.6
1.0
1.0
1.0
0.9
0.95
0.7666666666666667
0.5666666666666667
0.5833333333333333
1.0
1.0
1.0
0.9
0.8333333333333334
0.75
0.5166666666666666
0.5583333333333333
1.0
0.95
1.0
0.8833333333333334
0.8
0.85
0.5666666666666667
0.5083333333333334
0.9
0.95
1.0
0.95
0.8
0.8
0.4833333333333333
0.5083333333333334
1.0
1.0
1.0
0.9333333333333333
0.65
0.7333333333333333
0.3833333333333333
0.5333333333333334
1.0
0.95
0.95
0.9
0.8
0.6166666666666666
0.4333333333333333
0.41666666666666663
1.0
1.0
1.0
0.85
0.7
0.7333333333333333
0.3333333333333333
0.4
0.9
1.0
1.0
0.9
0.7833333333333334
0.6166666666666666
0.65
0.6
0.9
0.95
1.0
0.95
0.7833333333333334
0.7333333333333333
0.7
0.6
0.9
0.95
0.95
0.95
0.85
0.7333333333333333
0.625
0.5833333333333333
0.9
1.0
1.0
0.95
0.7666666666666667
0.7833333333333333
0.6333333333333333
0.6333333333333332
1.0
1.0
0.95
0.95
0.7833333333333334
0.7583333333333333
0.6833333333333333
0.6166666666666666
1.0
1.0
1.0
0.95
0.8333333333333334
0.6833333333333333
0.6833333333333333
0.5700000000000001
1.0
1.0
0.95
0.95
0.7833333333333334
0.7333333333333333
0.6833333333333333
0.575
1.0
1.0
1.0
0.9
0.6833333333333333
0.7333333333333333
0.7
0.575
0.9
1.0
1.0
0.95
0.6166666666666667
0.6833333333333333
0.6833333333333333
0.625
1.0
1.0
0.9
0.95
0.6333333333333334
0.7333333333333333
0.725
0.6333333333333333
0.9
1.0
0.95
0.9
0.7
0.7833333333333333
0.675
0.5166666666666667
0.9
1.0
0.95
0.95
0.6166666666666667
0.6833333333333333
0.6833333333333333
0.5
0.9
1.0
0.95
0.95
0.6833333333333333
0.7333333333333333
0.6333333333333333
0.5166666666666666
0.9
1.0
0.95
1.0
0.6833333333333333
0.65
0.7166666666666666
0.5666666666666667
1.0
1.0
0.85
0.95
0.6833333333333333
0.6
0.7333333333333333
0.5916666666666667
1.0
1.0
0.85
0.95
0.6833333333333333
0.6
0.5833333333333333
0.5916666666666667
1.0
1.0
0.95
0.95
0.75
0.6333333333333334
0.5833333333333333
0.5666666666666667
1.0
1.0
1.0
0.8833333333333334
0.6333333333333333
0.5666666666666667
0.5833333333333333
0.6333333333333334
1.0
1.0
0.9
0.9
0.7333333333333333
0.5499999999999999
0.5833333333333333
0.6333333333333334
1.0
1.0
0.9
0.9
0.75
0.6833333333333333
0.55
0.7333333333333334
1.0
1.0
0.95
0.85
0.7
0.6833333333333333
0.6333333333333333
0.75
1.0
1.0
0.9
0.9333333333333333
0.65
0.7
0.65
0.75
1.0
1.0
0.9
0.95
0.7
0.6333333333333333
0.6333333333333333
0.5833333333333334
1.0
1.0
0.95
0.9333333333333333
0.7833333333333333
0.7
0.6
0.575
1.0
1.0
0.95
0.95
0.65
0.5833333333333333
0.5333333333333333
0.5
1.0
1.0
0.95
0.9
0.6333333333333334
0.7
0.36666666666666664
0.4333333333333334
1.0
1.0
0.95
0.8833333333333334
0.6833333333333333
0.75
0.5166666666666666
0.45
1.0
1.0
0.9
0.7833333333333334
0.85
0.75
0.65
0.65
1.0
0.95
1.0
0.7833333333333334
0.8833333333333334
0.7833333333333334
0.8
0.6583333333333333
1.0
0.95
1.0
0.8333333333333334
0.85
0.7333333333333334
0.6
0.6333333333333333
1.0
1.0
1.0
0.7833333333333334
0.85
0.7166666666666667
0.6166666666666667
0.5416666666666666
1.0
1.0
1.0
0.8833333333333334
0.8333333333333334
0.7833333333333334
0.6833333333333333
0.625
1.0
1.0
0.95
0.8333333333333334
0.8833333333333334
0.7666666666666667
0.6333333333333333
0.625
1.0
1.0
1.0
0.6833333333333333
0.85
0.7666666666666667
0.7833333333333334
0.625
1.0
1.0
0.95
0.8333333333333334
0.9
0.7333333333333334
0.6833333333333333
0.625
1.0
1.0
0.95
0.8833333333333334
0.85
0.8333333333333334
0.7333333333333333
0.625
1.0
1.0
0.95
0.8333333333333334
0.85
0.85
0.6666666666666666
0.5583333333333333
1.0
0.95
0.95
0.85
0.9
0.85
0.6333333333333334
0.5416666666666666
1.0
1.0
0.95
0.8333333333333334
0.85
0.75
0.675
0.5416666666666666
1.0
1.0
0.95
0.8
0.9
0.75
0.55
0.5916666666666666
1.0
1.0
0.95
0.75
0.8333333333333334
0.8
0.6
0.6
1.0
1.0
0.95
0.7833333333333334
0.9
0.8
0.65
0.55
1.0
1.0
1.0
0.7833333333333334
0.9
0.85
0.6166666666666666
0.4499999999999999
1.0
1.0
1.0
0.8
0.85
0.9
0.5666666666666667
0.4999999999999999
1.0
1.0
1.0
0.8333333333333334
0.9
0.85
0.5166666666666666
0.4499999999999999
1.0
1.0
1.0
0.95
0.95
0.9
0.5666666666666667
0.5166666666666666
1.0
1.0
1.0
0.9
0.95
0.9
0.7333333333333333
0.5166666666666666
1.0
1.0
1.0
0.7833333333333334
0.95
0.9
0.7333333333333333
0.6333333333333333
1.0
1.0
0.95
0.85
0.9
0.85
0.7333333333333333
0.7
1.0
0.95
1.0
0.95
0.85
0.95
0.6666666666666666
0.6333333333333333
1.0
1.0
1.0
0.85
0.85
0.9
0.5166666666666666
0.5833333333333333
1.0
1.0
0.9
0.85
0.8
0.85
0.4666666666666666
0.5833333333333333
1.0
1.0
0.95
0.75
0.8333333333333334
0.9
0.6
0.6333333333333333
1.0
1.0
0.9
0.85
0.8333333333333334
0.9
0.55
0.5333333333333333
1.0
0.95
0.85
0.75
0.75
0.7333333333333334
0.7
0.5166666666666666
1.0
1.0
0.9
0.75
0.75
0.7833333333333334
0.75
0.5666666666666667
1.0
1.0
0.85
0.8
0.7833333333333334
0.6666666666666667
0.8
0.7333333333333333
1.0
0.95
0.9
0.9
0.7666666666666666
0.8
0.8
0.7333333333333333
1.0
1.0
0.8
0.7
0.7833333333333333
0.8
0.85
0.75
1.0
1.0
0.9
0.75
0.85
0.8
0.7
0.75
1.0
1.0
0.9
0.75
0.95
0.85
0.6833333333333333
0.6833333333333333
1.0
1.0
0.85
0.85
1.0
0.8
0.6833333333333333
0.6083333333333333
1.0
1.0
0.9
0.9
0.8
0.7833333333333334
0.6833333333333333
0.6083333333333333
1.0
1.0
0.85
0.85
0.95
0.75
0.6666666666666666
0.625
1.0
1.0
0.9
0.8
0.95
0.85
0.7166666666666666
0.5583333333333333
1.0
1.0
0.9
0.95
0.95
0.8
0.75
0.625
1.0
1.0
0.9
0.8
0.9
0.8
0.7
0.5583333333333333
1.0
1.0
0.85
0.6833333333333333
0.9
0.85
0.7
0.5
1.0
1.0
0.9
0.9
0.8
0.85
0.6333333333333333
0.6
1.0
1.0
0.85
0.9
0.85
0.8333333333333333
0.7333333333333333
0.6
1.0
1.0
0.85
0.75
0.8
0.9
0.7
0.55
1.0
1.0
0.85
0.95
0.8
0.8
0.65
0.6666666666666667
1.0
1.0
0.85
0.7666666666666666
0.85
0.75
0.7
0.6083333333333334
1.0
1.0
0.85
0.9
0.7833333333333333
0.9
0.7
0.675
1.0
1.0
0.9
0.8
0.75
0.8
0.6833333333333333
0.4583333333333333
1.0
1.0
0.9
0.95
0.8333333333333333
0.9
0.7833333333333333
0.5083333333333333
1.0
1.0
0.85
0.95
0.95
0.85
0.8333333333333333
0.5166666666666666
0.95
1.0
0.9
0.85
0.75
0.85
0.8166666666666667
0.5833333333333333
1.0
1.0
0.85
1.0
0.85
0.7666666666666667
0.7333333333333333
0.5999999999999999
1.0
1.0
0.85
0.9
0.85
0.7833333333333334
0.7833333333333333
0.6166666666666666
1.0
1.0
0.9
0.85
0.85
0.7666666666666667
0.7833333333333334
0.6
1.0
1.0
0.9
1.0
0.9
0.75
0.75
0.55
1.0
1.0
0.9
1.0
0.8833333333333334
0.75
0.7666666666666667
0.5333333333333333
1.0
1.0
0.9
0.95
0.95
0.75
0.7166666666666667
0.6833333333333333
1.0
0.95
0.9
1.0
0.75
0.65
0.7333333333333334
0.5666666666666667
1.0
1.0
1.0
1.0
0.7333333333333333
0.7
0.7333333333333334
0.5666666666666667
1.0
1.0
0.9
1.0
0.7333333333333333
0.7
0.7
0.6666666666666667
1.0
1.0
0.9
0.9
0.8
0.6
0.7166666666666667
0.6533333333333333
1.0
1.0
0.9
0.95
0.75
0.6
0.7166666666666666
0.5533333333333333
1.0
1.0
0.9
0.95
0.85
0.6
0.6666666666666667
0.5583333333333333
1.0
1.0
0.9
0.95
0.8
0.6
0.7333333333333334
0.5833333333333333
1.0
0.95
0.9
0.95
0.9
0.6
0.7666666666666667
0.5333333333333333
1.0
1.0
0.9
1.0
0.9
0.6333333333333333
0.75
0.5333333333333333
1.0
1.0
0.9
0.95
0.8
0.65
0.7333333333333334
0.6333333333333334
1.0
1.0
1.0
0.95
0.8
0.5333333333333333
0.75
0.6333333333333333
1.0
1.0
0.95
1.0
0.9
0.6
0.6333333333333334
0.5666666666666667
1.0
1.0
0.9
1.0
0.85
0.6
0.75
0.5666666666666667
1.0
1.0
0.9
1.0
0.8
0.6
0.75
0.5499999999999999
1.0
1.0
0.9
0.9
0.9
0.65
0.6833333333333333
0.5999999999999999
1.0
1.0
1.0
0.95
0.9
0.7
0.6166666666666666
0.5499999999999999
1.0
1.0
0.9
0.95
0.9
0.7
0.6333333333333333
0.6333333333333334
1.0
1.0
0.9
0.95
0.9
0.65
0.6333333333333333
0.6833333333333333
1.0
1.0
1.0
0.95
0.8
0.7
0.6833333333333333
0.7333333333333334
1.0
1.0
1.0
1.0
1.0
0.7
0.7333333333333333
0.7333333333333334
1.0
1.0
0.9
0.95
0.9
0.65
0.6333333333333333
0.6499999999999999
1.0
1.0
0.9
0.9
0.85
0.7
0.5666666666666667
0.5666666666666667
1.0
1.0
1.0
0.95
1.0
0.8
0.5666666666666667
0.4833333333333333
1.0
1.0
1.0
0.95
0.9
0.7833333333333333
0.6166666666666666
0.4
1.0
0.95
0.85
1.0
0.95
0.75
0.5999999999999999
0.65
1.0
1.0
0.85
0.9
0.95
0.75
0.6666666666666666
0.6666666666666667
1.0
0.95
0.85
1.0
0.95
0.8
0.5666666666666667
0.6833333333333333
1.0
0.95
0.95
0.85
0.95
0.75
0.5999999999999999
0.6833333333333333
1.0
1.0
0.85
0.95
0.9
0.75
0.6499999999999999
0.5666666666666667
1.0
1.0
0.85
0.9
1.0
0.75
0.6499999999999999
0.5666666666666667
1.0
0.95
0.85
0.95
1.0
0.75
0.6499999999999999
0.5666666666666667
1.0
0.95
1.0
1.0
0.95
0.75
0.7166666666666666
0.5499999999999999
1.0
0.95
0.8
0.95
0.95
0.8
0.7833333333333334
0.5999999999999999
1.0
0.95
0.85
0.9
1.0
0.8
0.7333333333333334
0.5666666666666667
1.0
0.95
0.8
0.95
0.85
0.85
0.7833333333333333
0.5999999999999999
1.0
0.95
0.8
0.95
0.85
0.85
0.6
0.5999999999999999
1.0
0.95
0.8
0.95
0.8
0.75
0.6166666666666667
0.7
1.0
0.9
0.95
0.95
0.8
0.8
0.6166666666666667
0.7
1.0
0.9
0.9
1.0
0.85
0.85
0.6666666666666666
0.5999999999999999
1.0
0.95
1.0
1.0
0.75
0.85
0.6666666666666666
0.5999999999999999
1.0
0.95
1.0
0.95
0.8
0.8
0.7333333333333333
0.5999999999999999
1.0
1.0
1.0
0.95
0.85
0.85
0.7333333333333333
0.6333333333333332
1.0
1.0
0.9
0.95
0.9333333333333332
0.85
0.7333333333333333
0.5333333333333334
1.0
0.95
0.9
1.0
0.9
0.8
0.7833333333333333
0.5166666666666666
1.0
0.95
1.0
1.0
0.85
0.85
0.7666666666666666
0.575
1.0
1.0
0.9
1.0
0.8
0.75
0.6166666666666666
0.575
1.0
1.0
0.9
0.9
0.85
0.75
0.7833333333333333
0.45833333333333337
1.0
1.0
0.85
0.95
0.85
0.75
0.8333333333333333
0.4916666666666667
1.0
1.0
0.85
1.0
0.85
0.75
0.7333333333333333
0.4583333333333333
1.0
0.95
0.8
1.0
0.9
0.6833333333333333
0.6499999999999999
0.5083333333333333
1.0
1.0
0.95
0.95
0.85
0.8
0.6666666666666666
0.5083333333333333
1.0
1.0
0.95
1.0
0.8
0.8666666666666668
0.5833333333333333
0.6833333333333333
1.0
1.0
1.0
1.0
0.85
0.95
0.6333333333333332
0.5166666666666666
1.0
1.0
0.95
1.0
0.9
0.8833333333333334
0.6499999999999999
0.6833333333333333
1.0
1.0
1.0
1.0
0.85
0.8833333333333334
0.75
0.5333333333333334
1.0
1.0
0.95
1.0
0.9
0.8833333333333334
0.7166666666666666
0.5833333333333334
1.0
1.0
0.95
1.0
0.9
0.8333333333333334
0.7833333333333333
0.6333333333333334
1.0
1.0
1.0
1.0
0.85
0.8833333333333334
0.6499999999999999
0.5833333333333334
1.0
1.0
0.95
1.0
0.85
0.95
0.7333333333333333
0.7166666666666667
1.0
1.0
1.0
1.0
0.85
0.85
0.6666666666666667
0.6166666666666667
1.0
1.0
1.0
1.0
0.85
0.85
0.7166666666666667
0.6666666666666667
1.0
1.0
1.0
1.0
0.85
0.8
0.7166666666666667
0.75
1.0
1.0
1.0
1.0
0.95
0.6333333333333333
0.7833333333333333
0.7
1.0
1.0
1.0
1.0
0.8
0.6333333333333333
0.7333333333333333
0.7166666666666666
1.0
1.0
1.0
1.0
0.9
0.5666666666666667
0.8333333333333333
0.6499999999999999
1.0
1.0
1.0
1.0
0.9
0.6083333333333333
0.75
0.6666666666666666
1.0
1.0
1.0
1.0
0.95
0.5666666666666667
0.6333333333333333
0.575
1.0
1.0
1.0
1.0
0.95
0.7166666666666667
0.75
0.5833333333333333
1.0
1.0
1.0
1.0
0.95
0.7083333333333333
0.75
0.6
1.0
1.0
1.0
1.0
0.85
0.625
0.7
0.6333333333333333
1.0
1.0
1.0
1.0
0.95
0.7
0.75
0.5833333333333333
1.0
1.0
1.0
1.0
0.9
0.6666666666666667
0.75
0.6
1.0
1.0
1.0
1.0
0.9
0.775
0.7333333333333333
0.6
1.0
1.0
1.0
1.0
0.9
0.75
0.6333333333333333
0.5
1.0
1.0
1.0
1.0
0.9
0.7833333333333334
0.6833333333333333
0.5333333333333333
1.0
1.0
1.0
1.0
0.9
0.8333333333333334
0.6166666666666666
0.5833333333333333
1.0
1.0
1.0
0.95
0.9
0.8333333333333334
0.6833333333333333
0.5833333333333333
1.0
1.0
1.0
1.0
0.95
0.8333333333333334
0.65
0.6333333333333333
1.0
1.0
0.9
0.8333333333333333
0.95
0.6666666666666666
0.8
0.65
1.0
1.0
0.9
0.85
0.95
0.7333333333333333
0.75
0.6333333333333333
1.0
1.0
0.9
0.9
0.95
0.8
0.75
0.6833333333333333
1.0
1.0
0.9
0.95
0.9
0.65
0.7333333333333333
0.5666666666666667
1.0
1.0
0.9
0.95
1.0
0.85
0.7166666666666666
0.41666666666666663
1.0
1.0
0.9
0.8833333333333332
0.9
0.8
0.6166666666666666
0.5333333333333333
1.0
1.0
0.9
0.95
1.0
0.85
0.7833333333333333
0.4833333333333334
1.0
1.0
0.9
0.9
1.0
0.85
0.7333333333333333
0.4333333333333333
1.0
1.0
0.8
0.9
0.95
0.7
0.7833333333333333
0.3833333333333333
1.0
1.0
0.9
0.75
0.95
0.7
0.8
0.3833333333333333
1.0
1.0
0.9
1.0
0.95
0.8
0.75
0.3333333333333333
1.0
1.0
0.9
0.95
0.8
0.85
0.8
0.45
1.0
1.0
0.85
0.95
0.8333333333333333
0.8
0.85
0.3833333333333333
1.0
1.0
0.85
0.9
0.8333333333333333
0.75
0.85
0.35
1.0
1.0
1.0
0.95
0.8833333333333332
0.8
0.8
0.3833333333333333
1.0
1.0
0.9
0.8833333333333332
0.95
0.85
0.85
0.4833333333333333
1.0
1.0
1.0
0.8833333333333332
0.9333333333333332
0.9
0.85
0.4833333333333333
1.0
1.0
1.0
0.9
0.8333333333333333
0.9
0.85
0.4833333333333333
1.0
1.0
1.0
0.8833333333333332
0.9333333333333332
0.9
0.75
0.5666666666666667
1.0
1.0
1.0
0.95
0.95
0.9
0.7666666666666666
0.4666666666666667
1.0
1.0
1.0
0.95
0.85
0.95
0.8166666666666667
0.5083333333333333
1.0
1.0
1.0
0.85
0.8333333333333333
0.9
0.7166666666666666
0.575
1.0
1.0
1.0
0.8333333333333333
0.9
0.95
0.7666666666666666
0.575
1.0
1.0
1.0
0.8833333333333332
0.85
1.0
0.8333333333333333
0.575
1.0
1.0
1.0
0.9
1.0
0.95
0.8833333333333332
0.5583333333333333
1.0
1.0
1.0
0.85
0.95
0.95
0.9
0.5583333333333333
1.0
1.0
0.9
0.95
0.95
0.9
0.95
0.5583333333333333
1.0
1.0
0.95
1.0
0.9
0.8333333333333333
0.7833333333333333
0.7333333333333333
1.0
1.0
1.0
1.0
0.8333333333333334
0.8833333333333332
0.7
0.7333333333333333
1.0
1.0
0.95
1.0
0.7833333333333333
0.8
0.7166666666666667
0.6583333333333333
1.0
1.0
1.0
1.0
0.9
0.8
0.7166666666666667
0.675
1.0
1.0
1.0
1.0
0.85
0.75
0.6666666666666666
0.625
1.0
1.0
1.0
1.0
0.9
0.95
0.75
0.575
1.0
1.0
1.0
0.95
0.95
0.9
0.7666666666666666
0.5583333333333333
1.0
1.0
1.0
0.95
0.95
0.9
0.7666666666666666
0.5833333333333333
1.0
1.0
1.0
1.0
0.9
0.75
0.7833333333333333
0.5833333333333333
1.0
1.0
1.0
1.0
1.0
0.8
0.7333333333333334
0.5833333333333333
1.0
1.0
0.95
1.0
0.95
0.7
0.8333333333333333
0.5333333333333333
1.0
1.0
1.0
1.0
1.0
0.7
0.85
0.5333333333333333
1.0
1.0
1.0
1.0
1.0
0.7
0.8
0.6833333333333333
1.0
1.0
0.95
0.95
1.0
0.8
0.8333333333333334
0.6833333333333333
1.0
1.0
0.95
0.95
1.0
0.8
0.8833333333333332
0.65
1.0
1.0
0.95
0.95
0.9
0.8
0.8833333333333332
0.6333333333333333
1.0
1.0
1.0
0.95
0.8333333333333333
0.85
0.8333333333333333
0.5833333333333333
1.0
1.0
1.0
0.95
0.8833333333333332
0.85
0.9
0.7
1.0
1.0
0.95
0.9
0.9333333333333332
0.8
0.9
0.65
1.0
1.0
0.95
0.95
0.95
0.85
0.9
0.65
1.0
1.0
0.95
0.9
0.85
0.95
0.9
0.65
1.0
1.0
0.95
0.95
0.9
0.95
0.85
0.75
1.0
1.0
0.95
1.0
0.9
0.9
0.8333333333333333
0.7
1.0
1.0
1.0
1.0
0.9
0.9
0.8833333333333332
0.6333333333333333
1.0
1.0
1.0
0.95
0.9
0.9
0.85
0.7833333333333333
1.0
1.0
1.0
0.9
0.8
0.95
0.85
0.7166666666666666
1.0
1.0
1.0
0.9
0.75
0.95
0.8
0.7166666666666666
1.0
1.0
0.95
0.9
0.95
0.85
0.8333333333333334
0.6833333333333333
1.0
1.0
1.0
0.9
0.85
0.9
0.8333333333333334
0.6666666666666666
1.0
1.0
1.0
0.95
0.8
0.95
0.75
0.6666666666666666
1.0
1.0
1.0
0.95
0.7333333333333333
0.9
0.7166666666666666
0.7166666666666666
1.0
1.0
1.0
0.95
0.8
0.95
0.7333333333333333
0.7666666666666666
1.0
1.0
1.0
0.95
0.9
0.9
0.7166666666666666
0.7666666666666666
1.0
1.0
1.0
1.0
0.9
0.85
0.7333333333333333
0.7166666666666666
1.0
1.0
1.0
1.0
0.8
0.85
0.7833333333333333
0.6166666666666666
1.0
1.0
1.0
1.0
0.9
0.85
0.7833333333333333
0.7166666666666666
1.0
1.0
0.95
1.0
0.9
0.95
0.7333333333333333
0.65
1.0
1.0
1.0
1.0
0.85
0.95
0.7333333333333333
0.6
1.0
1.0
1.0
1.0
0.9
1.0
0.7333333333333333
0.65
1.0
1.0
1.0
0.95
0.9
0.95
0.7333333333333333
0.7
1.0
1.0
1.0
1.0
0.95
0.8
0.7333333333333333
0.6166666666666666
1.0
1.0
1.0
1.0
0.9
0.725
0.8
0.5666666666666667
1.0
1.0
1.0
1.0
0.9
0.6833333333333333
0.7333333333333333
0.6666666666666666
1.0
1.0
1.0
0.95
0.95
0.7833333333333333
0.8
0.7166666666666666
1.0
1.0
0.95
1.0
0.9
0.8
0.75
0.65
1.0
1.0
0.95
0.95
1.0
0.9
0.7
0.65
1.0
1.0
1.0
0.95
0.9
0.85
0.7
0.75
1.0
1.0
1.0
1.0
0.95
0.9
0.7
0.75
1.0
1.0
1.0
0.95
0.9
0.95
0.6
0.8
1.0
1.0
1.0
0.95
0.85
0.7833333333333334
0.5666666666666667
0.8
1.0
1.0
1.0
0.9
0.9
0.75
0.7
0.8
1.0
1.0
0.95
0.95
0.8
0.9
0.75
0.75
1.0
1.0
1.0
0.95
0.9
0.8333333333333334
0.75
0.85
1.0
1.0
1.0
0.95
0.9
0.8333333333333334
0.75
0.85
1.0
1.0
0.95
0.95
0.75
0.85
0.8833333333333334
0.6499999999999999
1.0
1.0
0.95
0.95
0.7333333333333334
0.8
0.8333333333333334
0.7166666666666666
1.0
1.0
1.0
0.95
0.85
0.75
0.7333333333333334
0.7499999999999999
1.0
1.0
0.95
0.9333333333333332
0.85
0.75
0.8
0.7666666666666666
1.0
1.0
0.95
0.9
0.85
0.8
0.8
0.8333333333333333
1.0
1.0
0.95
0.9333333333333332
0.9
0.8
0.7333333333333334
0.85
1.0
1.0
1.0
0.95
0.9
0.7
0.7833333333333334
0.75
1.0
1.0
1.0
0.95
0.9
0.6
0.8333333333333334
0.75
1.0
1.0
0.95
0.95
0.8833333333333334
0.75
0.8333333333333334
0.7
1.0
1.0
1.0
1.0
0.85
0.7
0.85
0.7
1.0
1.0
1.0
1.0
0.85
0.7
0.8333333333333333
0.75
1.0
1.0
1.0
1.0
0.95
0.9
0.8333333333333333
0.8
1.0
1.0
1.0
1.0
0.95
0.85
0.7833333333333333
0.8
1.0
1.0
1.0
1.0
0.9
0.7
0.8333333333333333
0.8
1.0
1.0
1.0
1.0
0.9
0.8
0.8333333333333333
0.7333333333333333
1.0
1.0
1.0
1.0
0.85
0.8
0.7833333333333333
0.8
1.0
1.0
1.0
1.0
0.8
0.85
0.6833333333333333
0.8
1.0
1.0
1.0
0.9
0.9
0.8
0.8
0.8
1.0
1.0
1.0
1.0
0.9
0.8
0.8
0.75
1.0
1.0
1.0
0.9
0.9
0.8
0.85
0.7333333333333333
1.0
1.0
1.0
0.95
0.9
0.8
0.825
0.6333333333333333
1.0
1.0
0.95
0.95
0.8833333333333334
0.75
0.825
0.6333333333333333
1.0
1.0
1.0
0.95
0.95
0.8
0.8333333333333333
0.6833333333333333
1.0
1.0
1.0
1.0
0.95
0.7
0.8833333333333332
0.6833333333333333
1.0
1.0
1.0
0.95
0.85
0.75
0.8833333333333332
0.75
1.0
1.0
1.0
0.9
0.95
0.8
0.8833333333333332
0.7
1.0
1.0
0.95
0.95
0.9
0.8
0.8833333333333332
0.7
1.0
1.0
0.95
0.9333333333333332
0.9
0.9
0.8
0.6833333333333333
1.0
1.0
1.0
0.9333333333333332
0.9
0.9
0.85
0.5916666666666666
1.0
1.0
1.0
0.9333333333333332
0.9
0.85
0.85
0.6666666666666666
1.0
1.0
0.95
0.9333333333333332
0.85
0.95
0.8
0.5666666666666667
1.0
1.0
1.0
0.8833333333333332
0.9
0.9
0.8333333333333334
0.6333333333333333
1.0
1.0
1.0
0.8833333333333332
0.9
0.95
0.85
0.7166666666666666
1.0
1.0
0.95
0.8833333333333332
0.9
0.85
0.9
0.7666666666666666
1.0
1.0
0.9
0.9333333333333332
1.0
0.95
0.95
0.7999999999999999
1.0
1.0
1.0
0.9333333333333332
0.95
0.95
0.9333333333333332
0.7499999999999999
1.0
1.0
1.0
0.9333333333333332
1.0
0.95
0.95
0.7999999999999999
1.0
1.0
0.95
1.0
1.0
0.95
0.9
0.7499999999999999
1.0
1.0
0.95
1.0
0.9
0.9
0.9
0.7
1.0
1.0
0.95
1.0
0.95
0.9
0.9
0.7666666666666666
1.0
1.0
0.95
1.0
0.85
0.85
0.8833333333333334
0.8083333333333332
1.0
1.0
0.9333333333333332
0.95
0.9
0.85
0.95
0.8333333333333333
1.0
1.0
1.0
0.9333333333333332
0.9
0.9
0.95
0.7666666666666666
1.0
1.0
1.0
0.95
0.9
0.9
0.95
0.75
1.0
1.0
1.0
1.0
0.8
0.9
0.95
0.75
1.0
1.0
0.95
0.9333333333333332
0.8
0.8833333333333334
0.95
0.7833333333333333
1.0
1.0
1.0
0.95
0.95
0.85
0.9
0.7833333333333333
1.0
1.0
1.0
0.9333333333333332
0.95
0.9
0.95
0.75
1.0
1.0
1.0
0.95
0.9
0.9
0.95
0.7333333333333333
1.0
1.0
1.0
0.9
0.9333333333333332
0.9333333333333333
0.85
0.75
1.0
1.0
1.0
0.8833333333333332
0.95
0.95
0.8
0.6833333333333333
1.0
1.0
1.0
1.0
0.95
0.9
0.9
0.7333333333333333
1.0
1.0
0.95
0.95
0.9
0.85
0.9
0.7333333333333333
1.0
1.0
0.95
1.0
0.9
0.8
0.85
0.8333333333333334
1.0
1.0
0.9
0.7833333333333333
0.9
0.7
0.95
0.6333333333333334
1.0
1.0
0.85
0.8333333333333333
0.9
0.75
0.8833333333333334
0.6333333333333334
1.0
1.0
0.9
0.7833333333333333
0.8
0.8
0.85
0.7
1.0
1.0
0.85
0.8333333333333333
0.85
0.8
0.8
0.6833333333333333
1.0
1.0
0.9
0.8333333333333333
0.8
0.9
0.8
0.5833333333333333
1.0
1.0
1.0
0.7833333333333333
0.85
0.9
0.85
0.6333333333333333
1.0
1.0
1.0
0.7833333333333333
0.85
0.95
0.8
0.65
1.0
1.0
0.9
0.7833333333333333
0.85
0.9
0.8333333333333333
0.65
1.0
1.0
0.9
0.7833333333333333
0.85
0.85
0.85
0.65
1.0
1.0
0.9
0.7833333333333333
0.9
0.95
0.85
0.6666666666666666
1.0
1.0
0.9
0.8
0.9
1.0
0.8
0.6666666666666666
1.0
1.0
0.9
0.85
0.85
0.9
0.8
0.7583333333333333
1.0
1.0
0.9
0.85
0.8
0.8833333333333334
0.8
0.7666666666666666
1.0
1.0
0.9
0.95
0.75
0.8333333333333334
0.8
0.7166666666666666
1.0
1.0
1.0
0.9
0.85
0.8
0.8
0.85
1.0
1.0
0.9
0.95
0.85
0.85
0.85
0.85
1.0
1.0
0.9
1.0
0.8
0.9
0.75
0.8
1.0
1.0
0.85
0.95
0.75
0.9
0.75
0.8
1.0
1.0
0.9
0.95
0.85
0.9
0.75
0.8333333333333333
1.0
1.0
1.0
0.9
0.95
0.8333333333333333
0.7333333333333334
0.85
1.0
1.0
0.8
1.0
0.95
0.85
0.75
0.85
1.0
1.0
0.9
0.9333333333333332
0.9
0.95
0.75
0.8333333333333333
1.0
1.0
0.9
1.0
0.95
0.8
0.9
0.8
1.0
1.0
0.95
1.0
0.95
0.8
0.9
0.7833333333333333
1.0
1.0
0.85
0.9333333333333332
1.0
0.95
0.8
0.7833333333333333
1.0
1.0
0.95
0.95
1.0
0.85
0.9
0.7
1.0
1.0
0.85
0.95
0.9
0.9
0.85
0.75
1.0
1.0
0.95
0.9
0.85
0.95
0.8
0.8166666666666667
1.0
1.0
0.95
0.95
0.85
0.9
0.75
0.8166666666666667
1.0
1.0
1.0
1.0
0.9
0.95
0.65
0.7583333333333333
1.0
0.95
1.0
1.0
0.95
0.95
0.75
0.7533333333333333
1.0
1.0
1.0
1.0
1.0
0.95
0.7
0.7533333333333333
1.0
1.0
1.0
1.0
1.0
1.0
0.5833333333333333
0.7033333333333334
1.0
1.0
1.0
1.0
0.95
1.0
0.55
0.7533333333333333
1.0
1.0
1.0
0.95
0.9
1.0
0.65
0.72
1.0
1.0
1.0
0.95
0.85
1.0
0.55
0.67
1.0
1.0
1.0
1.0
1.0
1.0
0.75
0.72
1.0
1.0
1.0
0.95
0.95
1.0
0.8
0.72
1.0
1.0
1.0
1.0
0.9
1.0
0.65
0.72
1.0
0.95
1.0
0.95
0.9
1.0
0.65
0.725
1.0
1.0
1.0
0.95
0.95
0.95
0.75
0.7083333333333333
1.0
1.0
1.0
0.95
1.0
1.0
0.8
0.7583333333333333
1.0
1.0
0.95
1.0
0.9
0.95
0.9
0.7416666666666666
1.0
1.0
1.0
1.0
0.9
1.0
0.9
0.6916666666666667
1.0
1.0
1.0
0.95
0.9
1.0
0.9
0.6916666666666667
1.0
1.0
1.0
0.95
1.0
1.0
0.8833333333333332
0.6499999999999999
1.0
1.0
1.0
0.95
1.0
0.95
0.9
0.7166666666666666
1.0
1.0
1.0
0.85
1.0
1.0
0.7333333333333333
0.6666666666666666
1.0
1.0
1.0
0.95
1.0
0.95
0.8
0.6166666666666666
1.0
1.0
1.0
0.95
1.0
0.9
0.7833333333333333
0.6833333333333333
1.0
1.0
1.0
0.95
0.95
0.85
0.75
0.7333333333333333
1.0
1.0
1.0
1.0
0.95
0.85
0.7
0.7333333333333333
1.0
1.0
1.0
0.9333333333333332
1.0
0.95
0.8
0.7333333333333333
1.0
1.0
1.0
1.0
1.0
0.95
0.75
0.8
1.0
1.0
0.95
1.0
0.9
0.85
0.7333333333333334
0.6666666666666666
1.0
1.0
1.0
1.0
0.8333333333333333
0.85
0.7333333333333334
0.6166666666666666
1.0
1.0
1.0
1.0
0.95
0.95
0.7833333333333334
0.7
1.0
1.0
1.0
1.0
0.95
0.95
0.8333333333333334
0.6666666666666666
1.0
1.0
1.0
1.0
0.9
0.95
0.8333333333333334
0.6166666666666666
1.0
1.0
1.0
1.0
0.8
0.95
0.85
0.725
1.0
1.0
0.95
1.0
0.8
0.95
0.85
0.6166666666666667
1.0
1.0
1.0
1.0
0.8
0.9333333333333332
0.8
0.6166666666666666
1.0
1.0
1.0
1.0
0.85
0.8833333333333332
0.75
0.6666666666666667
1.0
1.0
1.0
1.0
0.75
0.9333333333333332
0.8
0.7833333333333334
1.0
1.0
1.0
1.0
0.8
0.9333333333333332
0.75
0.85
1.0
1.0
1.0
1.0
0.9
0.9333333333333332
0.8
0.8
1.0
1.0
1.0
1.0
0.9
0.9333333333333332
0.8
0.85
1.0
1.0
1.0
1.0
0.8
0.9333333333333332
0.85
0.85
1.0
1.0
1.0
1.0
0.9
0.9333333333333332
0.85
0.8
1.0
1.0
1.0
1.0
0.9
0.9333333333333332
0.9
0.8
1.0
1.0
1.0
1.0
0.9
0.9333333333333332
0.95
0.85
1.0
1.0
0.95
1.0
0.95
0.8833333333333332
0.9
0.7833333333333334
1.0
1.0
1.0
1.0
0.95
0.95
0.9
0.8
1.0
1.0
1.0
1.0
0.95
0.95
0.9
0.8
1.0
1.0
1.0
1.0
0.9
0.9
0.9
0.7833333333333333
1.0
1.0
1.0
0.95
0.95
1.0
0.9
0.7666666666666667
1.0
1.0
1.0
1.0
1.0
0.95
0.75
0.8333333333333334
1.0
1.0
1.0
1.0
0.9
0.95
0.75
0.7666666666666667
1.0
1.0
0.95
1.0
0.8
0.9
0.75
0.8333333333333334
1.0
1.0
1.0
1.0
0.9
0.95
0.85
0.75
1.0
1.0
1.0
0.95
0.9
0.9
0.85
0.825
1.0
1.0
1.0
0.9
0.85
0.9
0.85
0.7333333333333333
1.0
1.0
1.0
0.9
0.95
0.95
0.9
0.7833333333333333
1.0
1.0
0.95
0.9
0.9
0.9
0.85
0.7833333333333333
1.0
1.0
0.95
0.9
0.95
0.8833333333333332
0.85
0.7833333333333333
1.0
1.0
0.95
0.9
0.95
0.8833333333333332
0.85
0.7833333333333333
1.0
1.0
0.95
0.9
0.9
0.9
0.85
0.7833333333333333
1.0
1.0
1.0
0.9
0.9
0.9
0.7833333333333334
0.8333333333333333
1.0
1.0
1.0
0.85
0.95
0.9
0.7833333333333334
0.9
1.0
1.0
1.0
0.9
0.95
0.9
0.8833333333333334
0.8833333333333332
1.0
1.0
1.0
0.85
0.95
0.9
0.8833333333333332
0.7666666666666667
1.0
1.0
1.0
0.85
0.95
0.9
0.8833333333333334
0.8166666666666668
1.0
1.0
1.0
1.0
0.95
0.95
0.9333333333333332
0.8666666666666668
1.0
1.0
1.0
1.0
0.95
0.95
0.95
0.8333333333333334
1.0
1.0
1.0
0.95
0.85
0.95
0.9
0.8833333333333334
1.0
1.0
1.0
1.0
0.95
0.95
0.95
0.8833333333333334
1.0
1.0
1.0
0.9
0.95
0.95
0.9
0.9333333333333332
1.0
1.0
1.0
0.95
0.95
0.9
0.95
0.8833333333333332
1.0
1.0
1.0
0.9
0.95
0.95
0.9
0.9
1.0
1.0
1.0
1.0
0.95
1.0
0.9
0.95
1.0
1.0
0.95
1.0
1.0
0.95
0.95
1.0
1.0
1.0
0.95
1.0
1.0
0.9
0.9
1.0
1.0
1.0
1.0
0.9
1.0
0.9
0.9
0.8333333333333333
1.0
1.0
1.0
1.0
1.0
0.8833333333333332
0.9
0.9
1.0
1.0
1.0
0.9
1.0
0.85
0.85
0.9
1.0
1.0
1.0
1.0
1.0
0.9
0.85
0.9
1.0
1.0
1.0
0.9
1.0
0.95
0.9
0.9
1.0
1.0
1.0
1.0
0.95
0.95
0.95
0.85
1.0
1.0
1.0
0.95
0.9
0.85
0.8333333333333334
0.75
1.0
1.0
1.0
0.95
0.9
0.85
0.8833333333333332
0.7
1.0
1.0
1.0
0.95
0.95
0.75
0.8333333333333334
0.8
1.0
1.0
1.0
0.9
1.0
0.9
0.8333333333333334
0.75
1.0
1.0
1.0
0.95
0.95
0.8833333333333334
0.8333333333333334
0.7
1.0
1.0
1.0
1.0
0.95
0.9
0.7833333333333334
0.6833333333333333
1.0
1.0
1.0
1.0
1.0
0.95
0.8
0.6833333333333333
1.0
1.0
1.0
1.0
0.95
0.85
0.8
0.6833333333333333
1.0
0.95
1.0
0.9
0.95
0.9
0.85
0.75
1.0
1.0
1.0
0.95
0.95
0.9
0.95
0.75
1.0
1.0
1.0
0.95
0.95
0.85
0.9
0.75
1.0
1.0
1.0
0.95
0.95
0.85
0.95
0.75
1.0
1.0
1.0
1.0
0.9
0.85
0.95
0.8
1.0
1.0
1.0
0.95
1.0
0.85
0.85
0.85
1.0
1.0
1.0
0.9
1.0
0.9
0.85
0.7
1.0
1.0
1.0
0.95
0.95
0.9
0.85
0.7333333333333333
1.0
1.0
1.0
0.95
1.0
0.85
0.85
0.7333333333333333
1.0
1.0
1.0
0.95
1.0
0.95
0.9
0.8
1.0
1.0
1.0
0.95
1.0
0.9
0.95
0.8
1.0
1.0
1.0
0.9333333333333332
1.0
0.95
0.85
0.8
1.0
1.0
1.0
0.95
1.0
0.95
0.9
0.8
1.0
1.0
1.0
0.95
1.0
0.95
0.9
0.95
1.0
1.0
1.0
0.9
1.0
0.95
0.9
0.95
1.0
1.0
1.0
1.0
1.0
0.95
0.9
0.9
1.0
1.0
1.0
0.95
0.95
0.9
0.95
0.95
1.0
1.0
1.0
1.0
0.95
0.9
0.9
0.85
1.0
1.0
1.0
1.0
1.0
0.9
0.9
0.6833333333333333
1.0
1.0
1.0
0.85
0.95
0.95
0.6833333333333333
0.7
1.0
1.0
1.0
0.85
0.95
1.0
0.6833333333333333
0.65
1.0
1.0
1.0
0.9
0.95
0.9
0.7833333333333333
0.6
1.0
1.0
1.0
0.9
0.95
1.0
0.7333333333333334
0.7
1.0
0.95
1.0
0.9
0.95
1.0
0.8333333333333333
0.5833333333333333
1.0
1.0
0.95
0.9
0.95
1.0
0.8833333333333332
0.8
1.0
1.0
0.95
0.9
0.95
1.0
0.7833333333333334
0.75
1.0
0.95
0.95
0.9
0.95
0.95
0.8
0.75
1.0
0.95
0.95
0.85
0.95
0.95
0.85
0.75
1.0
0.95
0.95
0.85
0.95
1.0
0.75
0.7
1.0
0.95
0.95
0.85
0.95
0.95
0.85
0.7
1.0
1.0
0.95
0.85
0.95
1.0
0.85
0.75
1.0
1.0
1.0
0.85
0.95
1.0
0.85
0.75
1.0
1.0
1.0
0.85
0.95
1.0
0.8
0.75
1.0
1.0
1.0
0.85
0.95
0.95
0.8
0.85
1.0
1.0
1.0
0.85
0.95
0.95
0.8
0.85
1.0
1.0
1.0
0.85
0.95
0.9
0.8
0.7333333333333333
1.0
1.0
1.0
0.85
0.95
0.95
0.8
0.6833333333333333
1.0
1.0
1.0
0.85
1.0
0.7833333333333333
0.8
0.8
1.0
1.0
1.0
0.85
0.95
0.8833333333333332
0.8
0.8
1.0
1.0
1.0
0.85
0.95
0.9333333333333332
0.8
0.7333333333333333
1.0
1.0
1.0
0.95
0.95
0.8833333333333332
0.8
0.7833333333333333
1.0
1.0
1.0
0.9
0.95
0.8333333333333333
0.85
0.7333333333333333
1.0
1.0
1.0
0.95
0.95
0.95
0.85
0.5666666666666667
1.0
1.0
1.0
0.85
0.95
0.95
0.85
0.6333333333333333
1.0
1.0
1.0
1.0
0.95
0.8833333333333332
0.8
0.5833333333333333
1.0
1.0
1.0
1.0
0.95
0.9
0.8
0.625
1.0
1.0
0.95
0.85
0.95
0.8
0.8833333333333334
0.6833333333333333
1.0
1.0
0.95
0.9
0.95
0.8
0.9
0.6833333333333333
1.0
1.0
0.95
0.9
0.9
0.85
0.95
0.6833333333333333
1.0
1.0
0.95
0.9
0.95
0.9
0.9
0.75
1.0
1.0
1.0
0.85
0.95
0.85
0.9
0.75
1.0
1.0
1.0
0.9
0.95
0.85
0.85
0.75
1.0
1.0
1.0
0.9
1.0
0.9
0.85
0.75
1.0
1.0
1.0
0.85
0.95
0.85
0.85
0.75
1.0
1.0
0.95
0.9
0.95
0.8
0.95
0.8
1.0
1.0
0.95
0.9
1.0
0.85
0.85
0.8
1.0
1.0
1.0
0.9
0.95
0.9
0.95
0.7833333333333333
1.0
1.0
1.0
0.9
1.0
0.9
0.9
0.7333333333333333
1.0
1.0
1.0
0.9
0.9
0.95
0.9
0.7333333333333333
1.0
1.0
1.0
0.85
1.0
0.9
0.9
0.7833333333333333
1.0
1.0
0.95
0.85
0.9
0.95
1.0
0.7333333333333333
1.0
1.0
1.0
0.85
0.9
0.9
1.0
0.7
1.0
1.0
1.0
0.9
0.9
0.95
1.0
0.7
1.0
1.0
0.95
0.85
0.95
0.95
0.95
0.7
1.0
1.0
1.0
0.9
1.0
0.95
0.85
0.7
1.0
1.0
1.0
0.9
1.0
1.0
0.7833333333333333
0.75
1.0
1.0
1.0
0.9
1.0
1.0
0.7333333333333333
0.8
1.0
1.0
1.0
0.9
0.95
1.0
0.7833333333333333
0.8
1.0
1.0
1.0
0.95
0.9
0.95
0.75
0.8
1.0
1.0
1.0
0.85
0.95
1.0
0.9
0.8
1.0
1.0
1.0
0.9
0.9
0.95
0.85
0.75
1.0
1.0
1.0
1.0
0.9
0.95
0.9
0.75
1.0
1.0
1.0
1.0
0.9
0.9
0.85
0.75
1.0
1.0
1.0
0.85
0.9
0.9333333333333332
0.9
0.85
1.0
1.0
1.0
0.85
0.9
0.75
0.9
0.85
1.0
1.0
1.0
0.85
0.9
0.8
0.8
0.8333333333333334
1.0
1.0
1.0
0.95
0.8
0.6833333333333333
0.9
0.8333333333333334
1.0
1.0
1.0
0.95
0.85
0.6833333333333333
0.85
0.8333333333333334
1.0
1.0
1.0
0.95
0.85
0.6833333333333333
0.85
0.8333333333333334
1.0
1.0
1.0
0.8
0.85
0.8
0.8
0.8333333333333333
1.0
1.0
1.0
0.9
0.85
0.8333333333333333
0.8
0.8333333333333333
1.0
1.0
1.0
1.0
0.9
0.7
0.75
0.7833333333333333
1.0
1.0
0.95
0.85
0.85
0.7
0.75
0.7833333333333333
1.0
1.0
0.95
0.9
0.9
0.85
0.8
0.8333333333333333
1.0
1.0
1.0
0.9
0.9
0.75
0.65
0.8
1.0
1.0
1.0
0.9
0.9
0.95
0.75
0.85
1.0
1.0
1.0
0.9
0.95
0.95
0.7
0.8
1.0
1.0
1.0
0.9
0.9
0.95
0.8
0.7333333333333333
1.0
1.0
1.0
0.9
0.95
0.95
0.8
0.8
1.0
1.0
1.0
0.85
0.95
1.0
0.7833333333333334
0.75
1.0
1.0
1.0
0.85
0.95
1.0
0.8
0.75
1.0
1.0
1.0
0.85
0.95
0.8833333333333334
0.75
0.85
1.0
1.0
1.0
0.9
0.95
0.8666666666666666
0.7833333333333334
0.85
1.0
1.0
0.95
0.85
1.0
0.8833333333333332
0.75
0.8
1.0
1.0
1.0
0.95
0.95
0.8833333333333332
0.7833333333333334
0.8
1.0
1.0
1.0
0.95
0.95
0.9333333333333332
0.85
0.7833333333333334
1.0
1.0
1.0
0.95
0.95
0.8833333333333332
0.75
0.7666666666666666
1.0
1.0
1.0
0.85
0.85
0.9333333333333332
0.8
0.7666666666666666
1.0
1.0
1.0
0.9
0.9
0.9333333333333332
0.8
0.8833333333333332
1.0
1.0
1.0
1.0
0.9
0.9333333333333332
0.8
0.8833333333333332
1.0
1.0
1.0
1.0
1.0
1.0
0.75
0.75
1.0
1.0
1.0
1.0
1.0
0.9
0.8
0.8
1.0
1.0
1.0
1.0
1.0
0.85
0.85
0.8
1.0
1.0
1.0
1.0
1.0
0.95
0.9
0.6333333333333333
1.0
1.0
1.0
1.0
1.0
0.9
0.9
0.6
1.0
1.0
1.0
1.0
0.95
0.85
0.8
0.65
1.0
1.0
1.0
1.0
1.0
0.95
0.85
0.7
1.0
1.0
1.0
1.0
1.0
0.95
0.85
0.65
1.0
1.0
1.0
1.0
1.0
0.95
0.9
0.7
1.0
1.0
1.0
1.0
1.0
0.9
0.9
0.7
1.0
1.0
1.0
0.95
1.0
0.85
0.9
0.7
1.0
1.0
1.0
1.0
0.95
0.9
0.85
0.7
1.0
1.0
1.0
1.0
1.0
0.9
0.9
0.75
1.0
1.0
1.0
1.0
1.0
0.9
0.9
0.8
1.0
1.0
1.0
1.0
1.0
0.95
0.9
0.85
1.0
1.0
1.0
1.0
1.0
0.9
0.9
0.8
1.0
1.0
1.0
1.0
1.0
0.95
0.9
0.6833333333333333
1.0
1.0
1.0
1.0
1.0
0.9
0.9
0.7333333333333333
1.0
1.0
1.0
1.0
1.0
0.95
0.95
0.65
1.0
1.0
1.0
1.0
0.95
0.95
0.95
0.65
1.0
1.0
1.0
1.0
0.95
0.95
0.95
0.7
1.0
1.0
1.0
1.0
0.95
0.95
0.95
0.65
1.0
1.0
1.0
1.0
0.95
0.95
0.95
0.75
1.0
1.0
1.0
0.95
0.95
0.95
0.9
0.85
1.0
1.0
1.0
1.0
0.95
0.95
0.95
0.8
1.0
1.0
1.0
1.0
1.0
0.9
0.95
0.9
1.0
1.0
1.0
0.95
0.95
0.9
0.95
0.75
1.0
1.0
1.0
0.9
0.9333333333333332
0.75
0.85
0.6833333333333333
1.0
1.0
1.0
0.9
1.0
0.75
0.7
0.6833333333333333
1.0
1.0
1.0
1.0
1.0
0.9
0.75
0.7333333333333333
1.0
1.0
1.0
1.0
1.0
0.7
0.75
0.7833333333333333
1.0
1.0
1.0
0.9
0.95
0.85
0.75
0.75
1.0
1.0
1.0
0.9
1.0
0.8
0.8
0.75
1.0
1.0
1.0
0.9
0.95
0.85
0.8333333333333333
0.7
1.0
1.0
1.0
0.9
0.95
0.85
0.8833333333333332
0.85
1.0
1.0
1.0
0.9
0.9
0.8
0.8833333333333332
0.75
1.0
1.0
1.0
0.9
0.95
0.85
0.8833333333333332
0.7
1.0
1.0
1.0
1.0
0.95
0.85
0.9
0.7333333333333333
1.0
1.0
1.0
0.9
1.0
0.9
0.95
0.6833333333333333
1.0
1.0
1.0
0.9
1.0
0.95
0.95
0.6833333333333333
1.0
1.0
1.0
0.9
0.95
0.85
0.95
0.75
1.0
1.0
1.0
0.9
0.95
0.95
0.95
0.85
1.0
1.0
1.0
0.9
0.95
0.95
0.95
0.75
1.0
1.0
1.0
1.0
1.0
0.95
0.95
0.8
1.0
1.0
1.0
0.9
1.0
0.95
0.95
0.8833333333333332
1.0
1.0
1.0
1.0
0.9
0.95
1.0
0.95
1.0
1.0
1.0
0.9
0.95
0.9
0.95
0.95
1.0
1.0
1.0
0.9
0.95
0.9
0.85
0.9
1.0
1.0
1.0
0.9
0.95
0.85
0.9
0.9
1.0
1.0
1.0
1.0
1.0
1.0
0.9
1.0
1.0
1.0
1.0
0.9
1.0
0.95
0.9
0.9
1.0
1.0
1.0
1.0
1.0
0.85
0.9
0.85
1.0
1.0
1.0
0.9
0.95
1.0
0.85
0.85
1.0
1.0
1.0
0.9
0.8833333333333332
0.85
0.9
0.85
1.0
1.0
1.0
0.85
0.85
0.9
0.85
0.85
1.0
1.0
1.0
0.85
0.8833333333333332
0.9
0.85
0.85
1.0
1.0
1.0
0.85
1.0
0.95
0.9
0.8
1.0
1.0
1.0
0.9
1.0
0.95
0.9
0.8
1.0
1.0
0.95
0.9
0.95
0.95
0.95
0.8
1.0
1.0
1.0
0.9
1.0
1.0
0.95
0.85
1.0
1.0
1.0
0.85
0.95
1.0
0.95
0.85
1.0
1.0
1.0
0.85
0.95
0.95
0.95
0.75
1.0
1.0
1.0
0.85
1.0
1.0
0.95
0.75
1.0
1.0
1.0
0.85
1.0
0.95
0.85
0.75
1.0
1.0
1.0
0.9
1.0
0.9
0.95
0.75
1.0
1.0
0.95
1.0
1.0
0.95
0.9
0.7
1.0
1.0
1.0
1.0
0.95
0.9
0.95
0.8
1.0
1.0
1.0
0.9
1.0
0.95
0.9
0.8
1.0
1.0
0.95
1.0
1.0
0.95
0.95
0.8
1.0
1.0
1.0
0.9
0.95
0.95
1.0
0.8
1.0
1.0
1.0
0.9
0.95
0.95
1.0
0.85
1.0
1.0
1.0
0.9
1.0
0.9
0.9
0.8
1.0
1.0
1.0
0.9
1.0
0.9
0.95
0.8
1.0
1.0
1.0
0.9
1.0
0.9
0.95
0.85
1.0
1.0
0.95
0.85
1.0
0.95
0.95
0.8
1.0
1.0
0.95
0.85
0.95
0.85
0.95
0.9
1.0
1.0
0.95
0.9
0.95
0.9
0.95
0.85
1.0
1.0
0.95
0.85
1.0
0.95
0.95
0.85
1.0
1.0
0.95
1.0
0.95
0.95
0.9
0.9
1.0
1.0
1.0
0.95
1.0
0.9
0.9
0.9
1.0
1.0
1.0
0.95
1.0
0.95
0.9
0.9
1.0
1.0
0.95
0.8
0.7833333333333333
0.8
0.85
0.85
1.0
1.0
1.0
1.0
0.7833333333333333
0.8
0.95
0.95
1.0
1.0
1.0
0.9
0.85
0.9
0.95
0.9
1.0
1.0
1.0
0.9
0.9
0.95
0.95
0.8
1.0
1.0
1.0
0.8
1.0
0.95
0.9
0.85
1.0
1.0
1.0
0.8
0.9
0.95
0.95
0.8
1.0
1.0
1.0
1.0
0.9
0.95
0.9
0.7833333333333333
1.0
1.0
1.0
1.0
1.0
0.85
0.95
0.85
1.0
1.0
1.0
0.9
1.0
0.85
1.0
0.8
1.0
1.0
1.0
0.9
0.85
0.9
0.95
0.75
1.0
1.0
1.0
1.0
0.9
0.9
0.95
0.8
1.0
1.0
1.0
1.0
1.0
0.85
0.95
0.8
1.0
1.0
1.0
0.9
0.85
0.75
0.95
0.65
1.0
1.0
1.0
0.9
1.0
0.75
0.95
0.75
1.0
1.0
1.0
0.9
0.85
0.9
0.95
0.65
1.0
1.0
1.0
0.9
0.85
0.9
0.85
0.6
1.0
1.0
1.0
0.9
0.9
0.9
0.95
0.7
1.0
1.0
1.0
0.9
0.9
0.9
0.95
0.65
1.0
1.0
1.0
1.0
0.9
1.0
0.9
0.85
1.0
1.0
1.0
0.9
0.85
0.95
0.85
0.85
1.0
1.0
1.0
0.9
0.85
0.95
0.85
0.95
1.0
1.0
1.0
1.0
0.85
0.9
0.95
0.9
1.0
1.0
1.0
0.9
0.85
0.9
0.95
0.95
1.0
1.0
1.0
1.0
0.9
0.9
0.85
1.0
1.0
1.0
1.0
1.0
0.85
0.9
0.85
0.95
1.0
1.0
1.0
1.0
0.8
0.9
0.85
0.95
1.0
1.0
1.0
1.0
0.85
0.95
0.95
0.95
1.0
1.0
1.0
0.95
0.8833333333333332
1.0
0.8833333333333332
0.9
1.0
1.0
1.0
0.95
0.8833333333333332
1.0
0.8833333333333332
0.9
1.0
1.0
1.0
0.95
0.9333333333333332
1.0
0.8
0.8833333333333332
1.0
1.0
1.0
0.95
0.95
1.0
0.85
0.8333333333333333
1.0
1.0
1.0
0.75
0.9333333333333332
1.0
0.85
0.8833333333333332
1.0
1.0
1.0
0.85
0.9333333333333332
1.0
0.85
0.8833333333333332
1.0
1.0
1.0
1.0
0.9333333333333332
0.95
0.85
0.8833333333333332
1.0
1.0
1.0
0.85
0.9333333333333332
1.0
0.85
0.8833333333333332
1.0
1.0
1.0
0.9
0.9333333333333332
1.0
0.8
0.8833333333333332
1.0
1.0
1.0
0.9
0.9333333333333332
0.95
0.8
1.0
1.0
1.0
1.0
0.9
0.8833333333333332
1.0
0.85
0.95
1.0
1.0
1.0
1.0
0.8333333333333333
0.95
0.85
0.95
1.0
1.0
1.0
1.0
0.8333333333333333
0.85
0.85
0.9
1.0
1.0
1.0
0.9
0.8333333333333333
0.85
0.85
0.95
1.0
1.0
1.0
0.9
0.8333333333333333
0.85
0.85
0.95
1.0
1.0
1.0
0.9
0.8333333333333333
0.95
0.85
1.0
1.0
1.0
1.0
1.0
0.8333333333333333
0.9
0.9
0.8833333333333332
1.0
1.0
1.0
1.0
0.9
0.85
0.9333333333333332
1.0
1.0
1.0
1.0
1.0
0.9
0.95
0.85
0.95
1.0
1.0
1.0
1.0
0.9
0.95
0.8333333333333333
0.9
1.0
1.0
1.0
1.0
0.95
0.95
0.9333333333333332
0.95
1.0
1.0
1.0
1.0
0.9
0.95
0.9333333333333332
0.95
1.0
1.0
1.0
1.0
0.9
0.95
0.95
0.9
1.0
1.0
1.0
1.0
0.95
1.0
0.95
0.95
1.0
1.0
1.0
1.0
0.95
1.0
0.9333333333333332
0.95
1.0
1.0
1.0
1.0
0.95
1.0
0.95
0.95
1.0
1.0
1.0
1.0
0.9
1.0
0.95
0.95
1.0
1.0
1.0
0.85
0.95
0.9
0.95
0.85
1.0
1.0
1.0
0.9
0.95
0.95
0.95
0.9
1.0
1.0
1.0
0.9
0.95
1.0
0.95
0.75
1.0
1.0
1.0
0.9
0.8833333333333332
0.9
0.95
0.9
1.0
1.0
1.0
0.9
0.8833333333333332
0.9
0.95
0.75
1.0
1.0
1.0
0.9
0.8833333333333332
0.85
0.95
0.8
1.0
1.0
1.0
0.9
0.8833333333333332
0.8
0.95
0.85
1.0
1.0
1.0
0.9
0.8833333333333332
0.85
0.85
1.0
1.0
1.0
1.0
0.95
0.95
0.8
0.95
0.95
1.0
1.0
1.0
0.95
0.95
0.9
0.9
0.95
1.0
1.0
1.0
1.0
0.95
0.9
0.95
1.0
1.0
1.0
1.0
1.0
0.95
0.95
0.9
1.0
1.0
1.0
1.0
0.95
1.0
0.9
0.9
1.0
1.0
1.0
1.0
0.95
1.0
0.85
0.9
1.0
1.0
1.0
1.0
1.0
0.95
0.95
0.9
0.9
1.0
1.0
1.0
1.0
0.95
0.8
0.9
1.0
1.0
1.0
1.0
1.0
0.95
0.9
0.95
0.95
1.0
1.0
1.0
1.0
1.0
0.9
0.95
0.8333333333333333
1.0
1.0
1.0
0.95
1.0
0.9
1.0
0.8333333333333333
1.0
1.0
1.0
1.0
1.0
0.8
0.95
0.8833333333333332
1.0
1.0
1.0
1.0
0.95
0.85
1.0
0.9
1.0
1.0
1.0
1.0
1.0
0.95
1.0
0.9333333333333332
1.0
1.0
1.0
1.0
0.95
1.0
1.0
1.0
1.0
1.0
1.0
1.0
0.95
0.95
1.0
1.0
1.0
1.0
1.0
1.0
0.95
0.95
1.0
0.95
1.0
1.0
1.0
1.0
1.0
0.95
1.0
1.0
1.0
1.0
1.0
1.0
1.0
1.0
1.0
0.85
1.0
1.0
1.0
0.85
1.0
0.9
0.85
0.85
1.0
1.0
1.0
0.9
0.9
0.85
0.85
0.85
1.0
1.0
1.0
0.9
1.0
0.85
0.85
0.85
1.0
1.0
1.0
0.85
1.0
0.9
0.85
0.7833333333333334
1.0
1.0
1.0
0.85
1.0
0.95
0.9
0.9
1.0
1.0
1.0
0.9
1.0
0.95
0.85
0.85
1.0
1.0
1.0
0.85
1.0
0.95
0.9
0.95
1.0
1.0
1.0
0.85
1.0
1.0
0.95
0.95
1.0
1.0
1.0
0.95
1.0
1.0
0.9
0.85
1.0
1.0
1.0
0.95
1.0
1.0
0.95
0.9
1.0
1.0
1.0
0.85
1.0
0.95
0.9
0.9
1.0
1.0
1.0
0.85
1.0
0.95
0.95
0.9
1.0
1.0
1.0
0.95
1.0
0.95
0.9
0.85
1.0
1.0
1.0
0.85
1.0
0.95
0.95
0.8333333333333333
1.0
1.0
1.0
0.95
1.0
0.95
0.9
0.8833333333333332
1.0
1.0
1.0
0.85
1.0
0.95
0.9
0.8833333333333332
1.0
1.0
1.0
0.95
1.0
0.9
0.9
0.8833333333333332
1.0
1.0
1.0
0.95
1.0
0.95
0.85
0.9333333333333332
1.0
1.0
1.0
0.95
1.0
0.95
0.95
0.8833333333333332
1.0
1.0
1.0
0.95
1.0
0.9
1.0
1.0
1.0
1.0
1.0
0.95
1.0
0.95
0.95
1.0
1.0
1.0
1.0
0.95
1.0
0.9
0.95
1.0
1.0
1.0
1.0
0.85
1.0
0.95
0.95
1.0
1.0
1.0
1.0
0.95
1.0
0.9
0.95
1.0
1.0
1.0
1.0
0.85
1.0
1.0
0.95
0.95
1.0
1.0
1.0
0.95
1.0
1.0
0.95
0.95
1.0
1.0
1.0
0.85
1.0
1.0
0.95
0.9
1.0
1.0
1.0
0.7
1.0
0.9
0.95
0.7833333333333333
1.0
1.0
1.0
0.9
1.0
0.85
1.0
0.8333333333333333
1.0
1.0
1.0
1.0
1.0
0.8
1.0
0.95
1.0
1.0
1.0
1.0
1.0
0.85
1.0
0.9
1.0
1.0
1.0
0.9
1.0
0.95
1.0
0.85
1.0
1.0
1.0
0.9
1.0
0.85
1.0
0.95
1.0
0.9
1.0
0.9
1.0
0.9
1.0
0.95
1.0
1.0
1.0
0.9
1.0
0.95
1.0
0.85
1.0
1.0
1.0
0.9
1.0
0.9
1.0
0.85
1.0
1.0
1.0
0.9
1.0
0.95
1.0
0.85
1.0
0.9
1.0
0.9
1.0
1.0
1.0
0.95
1.0
1.0
1.0
1.0
1.0
1.0
1.0
0.85
1.0
1.0
1.0
0.9
1.0
1.0
0.95
0.9
1.0
1.0
1.0
0.9
1.0
1.0
0.9
0.85
1.0
1.0
1.0
0.9
1.0
1.0
0.95
0.85
1.0
1.0
1.0
1.0
1.0
1.0
1.0
0.85
1.0
1.0
1.0
0.9
1.0
1.0
1.0
0.8
1.0
1.0
1.0
0.85
1.0
1.0
1.0
0.85
1.0
1.0
1.0
0.9
1.0
1.0
1.0
0.8333333333333334
1.0
1.0
1.0
0.9
1.0
1.0
0.95
0.8833333333333334
1.0
1.0
1.0
0.85
1.0
1.0
1.0
0.8833333333333334
1.0
1.0
1.0
0.9
1.0
1.0
0.95
0.8666666666666666
1.0
1.0
1.0
0.9
1.0
1.0
0.9
0.8666666666666666
1.0
1.0
1.0
0.9
1.0
1.0
0.95
0.8833333333333332
1.0
1.0
1.0
0.9
1.0
1.0
0.9
0.8833333333333332
1.0
1.0
1.0
0.9
1.0
1.0
0.9333333333333332
0.8833333333333332
1.0
1.0
1.0
0.9
1.0
1.0
0.95
0.8333333333333333
